Frequency,S11_Magnitude,S11_Phase,S12_Magnitude,S12_Phase,S22_Magnitude,S22_Phase,
50000000,-0.06286501863,-61.30888977,-62.40851216,162.0648926,-2.895169786,173.0160002,
50057777,-0.06329347112,-61.37175721,-61.42577034,162.0728747,-2.904339235,171.7390661,
50115555,-0.0625552477,-61.43606412,-61.07130412,159.9963339,-2.914998468,170.4494986,
50173333,-0.06103176414,-61.49559043,-60.69837625,158.2508066,-2.924150186,169.1999038,
50231111,-0.05957975165,-61.55073488,-60.45212202,154.8558335,-2.934490969,167.9174227,
50288888,-0.05719423737,-61.64271279,-60.26999377,151.6028604,-2.942831168,166.6663345,
50346666,-0.05484134829,-61.72499262,-59.79351877,148.0234167,-2.95199398,165.3905537,
50404444,-0.05329524493,-61.80354628,-59.83898944,143.8666595,-2.96040635,164.1268567,
50462222,-0.05158070548,-61.85326001,-59.32998781,140.0195544,-2.968129644,162.8853738,
50520000,-0.0507432471,-61.92720637,-59.39229464,136.7946837,-2.975958926,161.6110232,
50577777,-0.04795150186,-62.01910017,-58.91874162,133.6939676,-2.982350594,160.3569767,
50635555,-0.04604332452,-62.08224917,-58.99769049,129.7572816,-2.989318015,159.1009164,
50693333,-0.04345777212,-62.15579494,-59.08539188,125.8747666,-2.995561947,157.8447758,
50751111,-0.04031650316,-62.21597023,-58.87525866,124.1396501,-3.000633345,156.5862398,
50808888,-0.03893788388,-62.29140341,-58.79034517,120.2769132,-3.004889508,155.333357,
50866666,-0.03700997867,-62.37766114,-58.75777715,117.6438864,-3.011220448,154.0914954,
50924444,-0.03586688863,-62.43292792,-58.67138057,116.9034846,-3.015621451,152.8567786,
50982222,-0.03478865194,-62.48588558,-58.57998943,112.6459129,-3.018976065,151.6078613,
51040000,-0.03428396735,-62.53232674,-58.64634954,111.1300423,-3.021494062,150.3645508,
51097777,-0.03358236304,-62.59943394,-58.61372683,108.0462179,-3.024462427,149.1067543,
51155555,-0.03341181556,-62.65740097,-58.62279286,104.8821129,-3.024898245,147.8643409,
51213333,-0.03228301512,-62.72732695,-59.04430662,101.1310851,-3.024303152,146.6058611,
51271111,-0.02923826648,-62.82482433,-58.68924713,100.2018073,-3.024644156,145.3476477,
51328888,-0.02621768307,-62.91245589,-58.57407251,96.65710945,-3.02233088,144.0973418,
51386666,-0.02362662748,-63.00302063,-58.60848424,93.06658907,-3.019854178,142.8389934,
51444444,-0.02098441628,-63.05961759,-58.96677344,90.92429919,-3.016235465,141.6111259,
51502222,-0.02148133462,-63.11864547,-59.17912965,90.62152359,-3.013731039,140.3697654,
51560000,-0.01936775278,-63.17724984,-59.16595613,92.28358824,-3.01156644,139.1336086,
51617777,-0.01785271269,-63.25465256,-59.33663166,89.73580775,-3.009444667,137.9111361,
51675555,-0.01580028751,-63.34251348,-59.55931221,85.53794438,-3.005721016,136.6684471,
51733333,-0.01425357348,-63.38814774,-59.16978383,82.03771724,-3.012973715,135.5381965,
51791111,-0.01175065867,-63.45010719,-59.52886594,81.57892384,-2.997169599,134.1663818,
51848888,-0.01249768566,-63.49081829,-59.51054951,78.52281318,-2.991844975,132.9071015,
51906666,-0.01280788915,-63.53204476,-59.75283933,79.05964871,-2.985282993,131.6298339,
51964444,-0.01264506374,-63.59679169,-59.93040475,75.61701305,-2.978977181,130.356614,
52022222,-0.01225813389,-63.65165694,-59.64352825,77.41533877,-2.969450916,129.1051218,
52080000,-0.009645106973,-63.72236613,-60.15005707,74.3505869,-2.959715582,127.8502454,
52137777,-0.009739294535,-63.79811046,-60.23983955,72.75505458,-2.949171877,126.5585407,
52195555,-0.009557515847,-63.85407781,-60.22727392,71.42965413,-2.939001976,125.2830195,
52253333,-0.01043981141,-63.91222777,-60.42277676,70.33543842,-2.927199291,124.0160746,
52311111,-0.00978617459,-63.9732946,-60.5770947,69.57281806,-2.917986548,122.7673654,
52368888,-0.008815064023,-64.03195517,-60.36380985,66.66142449,-2.907847661,121.5000016,
52426666,-0.008779184723,-64.08842769,-60.53531577,65.33620695,-2.896823761,120.2248921,
52484444,-0.007257662043,-64.16892757,-60.82285807,65.33766045,-2.887287599,118.9229917,
52542222,-0.00675986898,-64.23426159,-60.7359382,61.62313845,-2.875645172,117.6196584,
52600000,-0.005711228527,-64.30658779,-61.36438324,61.43085599,-2.862849125,116.344585,
52657777,-0.004343352545,-64.38343566,-60.81347286,59.38368482,-2.851858312,115.0433488,
52715555,-0.00124862684,-64.46748584,-61.3511231,58.70766135,-2.837819329,113.74407,
52773333,0.001650438735,-64.55697635,-61.08072226,59.5131749,-2.823950237,112.4500836,
52831111,0.003337042492,-64.62641465,-61.42672662,55.05901852,-2.810130457,111.150613,
52888888,0.005370014961,-64.72344218,-61.33090813,56.28009076,-2.794110563,109.8252794,
52946666,0.006837638832,-64.81131352,-61.78629409,55.13290416,-2.777897472,108.5020329,
53004444,0.008730888732,-64.89521388,-61.88995081,55.1777188,-2.762336103,107.1711142,
53062222,0.008971054828,-64.97874846,-62.07110902,51.83055569,-2.745718259,105.8371184,
53120000,0.01172399744,-65.03973075,-62.04159902,54.65707564,-2.728829454,104.5039901,
53177777,0.01380484784,-65.12054151,-62.22234178,53.24700173,-2.711616161,103.1586182,
53235555,0.01492347584,-65.19038442,-62.22891729,50.66417661,-2.69534035,101.8380911,
53293333,0.01618146817,-65.24881272,-62.58335789,52.93669497,-2.676543066,100.4754408,
53351111,0.01663004851,-65.33469781,-62.31646707,52.18309015,-2.660126449,99.12161046,
53408888,0.01697977111,-65.39394838,-62.53908606,50.26153288,-2.641801944,97.76592612,
53466666,0.01644396613,-65.45327586,-62.50317547,51.4799619,-2.624063175,96.40441631,
53524444,0.01626059557,-65.50960451,-63.15233767,49.09259542,-2.605058418,95.04391723,
53582222,0.01568531728,-65.58267854,-63.4396163,49.91508564,-2.585932496,93.65010367,
53640000,0.01590361033,-65.64737627,-63.64960083,49.77213956,-2.567333253,92.2833391,
53697777,0.01695204675,-65.71375754,-64.04609636,48.28591265,-2.548833024,90.89779635,
53755555,0.01781002876,-65.79097138,-64.2609065,42.96001414,-2.529037366,89.52575829,
53813333,0.01871595977,-65.85112546,-64.58745008,47.0932832,-2.510615036,88.13537763,
53871111,0.01895840091,-65.92209225,-64.49312585,39.66818799,-2.492130026,86.73263262,
53928888,0.01832718504,-65.96434198,-63.64405784,42.61668853,-2.474565464,85.34064336,
53986666,0.01747515167,-66.01545971,-63.71363192,41.24894155,-2.457637614,83.94693092,
54044444,0.0158364036,-66.07542383,-64.07034537,37.73226205,-2.43898554,82.56394472,
54102222,0.01567205282,-66.1369066,-64.41586026,43.21270237,-2.420590193,81.15899639,
54160000,0.01538107138,-66.17589057,-64.8965433,38.98250215,-2.402144131,79.75941072,
54217777,0.01508144069,-66.24778587,-63.80334382,40.76678827,-2.382608444,78.34135188,
54275555,0.01394846196,-66.31534328,-64.08520521,36.466511,-2.363422968,76.91310271,
54333333,0.01358152983,-66.38043889,-64.46962252,39.67035144,-2.343430856,75.47850279,
54391111,0.01371086658,-66.4464386,-64.13138105,38.55664541,-2.321920783,74.02959679,
54448888,0.01501689744,-66.51678886,-64.19038079,40.36401289,-2.300367856,72.58328133,
54506666,0.01590916388,-66.58038687,-64.21515119,41.05669246,-2.281242286,71.1475417,
54564444,0.01733003454,-66.64855668,-64.53044084,38.98443987,-2.263787811,69.73383639,
54622222,0.01694515277,-66.71666554,-64.37908492,42.25063723,-2.245449751,68.31415536,
54680000,0.01562442218,-66.78440783,-64.94024566,43.38644836,-2.226905391,66.88156287,
54737777,0.01533596543,-66.85267364,-64.8261798,42.12086063,-2.20980123,65.42191112,
54795555,0.015889478,-66.92166931,-64.91053413,43.28540147,-2.191776605,63.98090623,
54853333,0.01457534124,-66.97347824,-64.62832371,41.91400599,-2.173139864,62.52745588,
54911111,0.01479330761,-67.05107014,-64.94816171,43.15028422,-2.15517813,61.06950743,
54968888,0.01700369232,-67.12752196,-65.51528285,40.02035279,-2.134138315,59.60458928,
55026666,0.01839648091,-67.19106431,-65.07597432,40.54694558,-2.111374642,58.08403944,
55084444,0.01710931801,-67.24039387,-64.76033342,38.05103969,-2.093081723,56.61943179,
55142222,0.01694103616,-67.31323724,-65.50683876,41.36133348,-2.077485477,55.16724552,
55200000,0.0162371189,-67.35466686,-64.87935239,34.46878869,-2.05828219,53.72557436,
55257777,0.01916375825,-67.46731374,-65.22954064,43.08883676,-2.039912857,52.23773704,
55315555,0.01819945643,-67.52479671,-65.64440561,42.05520478,-2.020731862,50.76714507,
55373333,0.02037360106,-67.59142778,-65.43709954,39.03437026,-2.003051569,49.25797848,
55431111,0.0206501887,-67.68513164,-65.37639629,37.9944272,-1.984286553,47.77085836,
55488888,0.02024770604,-67.75688755,-65.55742327,40.60448342,-1.965477877,46.27095265,
55546666,0.02095951054,-67.82156174,-65.46591782,41.64301322,-1.948910057,44.78451887,
55604444,0.02177031448,-67.90197248,-65.44612696,42.56459775,-1.930658269,43.29664612,
55662222,0.02244863841,-67.9777043,-65.10181199,46.0412454,-1.911104671,41.79499806,
55720000,0.02532042395,-68.06333601,-65.18545081,44.86269964,-1.891191649,40.29173355,
55777777,0.02650872932,-68.15817718,-66.25581076,48.3651866,-1.871331503,38.75612786,
55835555,0.03168004515,-68.27097644,-67.16385682,48.28990861,-1.848748375,37.19417211,
55893333,0.03247475874,-68.33877035,-67.01761153,49.21163908,-1.828543858,35.65223109,
55951111,0.03002628244,-68.40449192,-66.23032255,41.97362469,-1.813040525,34.15064233,
56008888,0.02849032575,-68.44613516,-66.44172358,46.64030804,-1.79746963,32.6438309,
56066666,0.0268795799,-68.51476049,-65.07029584,45.61978238,-1.780119783,31.14775948,
56124444,0.02468911068,-68.57853121,-65.5290336,44.56444305,-1.763942687,29.63371187,
56182222,0.0246463768,-68.63060934,-65.19552512,45.21993257,-1.747538228,28.13527798,
56240000,0.02514174497,-68.69416666,-64.83201828,45.87613365,-1.728222907,26.62280829,
56297777,0.02594579541,-68.76928481,-64.97107537,46.52177966,-1.71145158,25.08727153,
56355555,0.02621124946,-68.84183692,-64.53191663,46.34579111,-1.694444635,23.55734434,
56413333,0.02439758653,-68.88913638,-63.88180605,47.23272667,-1.676737166,22.04613251,
56471111,0.02284294948,-68.93374847,-63.61120097,45.13078789,-1.658134257,20.50437391,
56528888,0.02278022386,-69.00051008,-63.48174141,45.96390824,-1.641020509,18.97155287,
56586666,0.02318478803,-69.07234674,-63.98281194,44.80046105,-1.62411782,17.41447273,
56644444,0.0231098772,-69.14163814,-64.03851547,47.49397263,-1.605987336,15.88644593,
56702222,0.02354327983,-69.21915221,-63.63428743,50.43213274,-1.589266297,14.32715203,
56760000,0.02385155816,-69.2844034,-62.89153232,50.40260567,-1.571520494,12.79109771,
56817777,0.02416144134,-69.35617906,-63.25164125,47.01445028,-1.55554373,11.24209969,
56875555,0.02343153369,-69.42548515,-63.18047312,44.86123659,-1.537908295,9.682173391,
56933333,0.02397498202,-69.50153775,-63.13519871,48.34112875,-1.52132455,8.13798924,
56991111,0.02375605314,-69.57790107,-62.95103376,44.48051706,-1.505529431,6.597788925,
57048888,0.0230538897,-69.63204246,-62.65447362,45.25245057,-1.487629563,5.049196622,
57106666,0.02481589284,-69.70257742,-62.98725963,45.93032428,-1.470578115,3.490315762,
57164444,0.02824309027,-69.78297343,-62.70744025,43.88758421,-1.452896035,1.930330898,
57222222,0.02910431962,-69.85445901,-62.9772008,45.05396057,-1.436481434,0.3604757045,
57280000,0.02839869199,-69.93523168,-62.40039929,43.91119814,-1.419505257,-1.220758049,
57337777,0.02946994217,-70.00434373,-62.55264009,40.93269637,-1.403435865,-2.769800207,
57395555,0.02941883416,-70.08005579,-62.58772099,42.83244949,-1.387370432,-4.34855267,
57453333,0.02970807122,-70.15287734,-62.3453324,44.99346733,-1.37131849,-5.919322926,
57511111,0.02944580909,-70.20323641,-62.07002734,41.97395127,-1.354126394,-7.521131152,
57568888,0.0282284154,-70.27316249,-61.86115738,44.43535418,-1.336674431,-9.169907976,
57626666,0.02856460031,-70.34501143,-62.06535318,46.48591714,-1.325729693,-10.68741165,
57684444,0.02587702356,-70.40509896,-62.2421297,44.59188336,-1.311030047,-12.22450486,
57742222,0.02403029073,-70.46922265,-62.02385434,40.15085602,-1.297187723,-13.78328253,
57800000,0.02318448449,-70.52338743,-61.6194971,39.36740143,-1.280020954,-15.34402452,
57857777,0.02161430743,-70.60654613,-61.6850588,37.62822182,-1.264652508,-16.9084715,
57915555,0.01899401029,-70.68958098,-61.48434059,38.0314752,-1.250535779,-18.48999212,
57973333,0.01607385278,-70.7486336,-60.99362752,39.94851905,-1.232120012,-20.15122987,
58031111,0.01287969521,-70.82791276,-61.23863066,38.59477593,-1.220409914,-21.67878156,
58088888,0.01160013321,-70.88895623,-61.08344418,38.91177953,-1.2056733,-23.22811451,
58146666,0.0103575665,-70.96502192,-60.90054263,40.07609665,-1.192307827,-24.81815335,
58204444,0.0112941616,-71.03428475,-60.83344109,38.3667793,-1.177400661,-26.38380296,
58262222,0.01491265486,-71.11734228,-60.65665708,37.08678063,-1.163816142,-27.99161672,
58320000,0.01984603407,-71.20455422,-60.63228478,34.70503469,-1.150442961,-29.58040103,
58377777,0.0165941717,-71.24146278,-60.48450006,35.04983792,-1.137865489,-31.17105499,
58435555,0.01221258061,-71.30373892,-60.13819806,34.48339284,-1.12571985,-32.75167418,
58493333,0.007898454518,-71.3833824,-60.07601278,35.13417466,-1.111147358,-34.33441943,
58551111,0.003659985667,-71.43083609,-59.60961488,30.29312616,-1.095082729,-35.91747027,
58608888,0.004693004392,-71.50594348,-60.15353666,33.53425448,-1.084657692,-37.52099984,
58666666,0.002091080634,-71.58811864,-60.41078983,32.96771427,-1.070960817,-39.09992111,
58724444,0.001281309336,-71.64410867,-60.0709255,32.94754034,-1.057862549,-40.68592065,
58782222,0.0007502876982,-71.72186465,-59.86217653,33.73442701,-1.045011794,-42.28082736,
58840000,7.868526651e-05,-71.78774498,-59.59671324,30.18250987,-1.032371517,-43.89554399,
58897777,-0.001054615543,-71.86154006,-59.79389388,28.3988552,-1.020596341,-45.51761907,
58955555,-0.001273844951,-71.94270329,-59.93195725,28.80970147,-1.008802454,-47.11918205,
59013333,-0.001391866353,-72.01877997,-59.57621488,31.00408395,-0.9981283099,-48.73134555,
59071111,-0.003025576776,-72.08372176,-59.74000146,27.74893067,-0.9877967658,-50.33399048,
59128888,-0.00503906189,-72.15162004,-59.52677212,29.76033661,-0.9768185178,-51.93746807,
59186666,-0.005577723869,-72.21902758,-59.63160197,29.9497516,-0.966576297,-53.52085049,
59244444,-0.003475940797,-72.29932259,-59.66675219,28.06138308,-0.9547450331,-55.16971128,
59302222,-0.003809983164,-72.39240782,-60.11157041,31.09259063,-0.942258232,-56.77738346,
59360000,-0.004878920295,-72.46501346,-59.57559014,25.89683832,-0.9303166889,-58.41267992,
59417777,-0.009318717595,-72.51990576,-59.2815524,26.12698993,-0.9214550429,-59.9732386,
59475555,-0.009742264439,-72.58373315,-59.11360163,24.17953357,-0.9142551009,-61.57316414,
59533333,-0.008364129791,-72.65859597,-58.73699223,23.57131127,-0.9042271645,-63.19318094,
59591111,-0.007370587657,-72.72405987,-59.14857216,25.39988201,-0.8957393037,-64.80422787,
59648888,-0.006314624995,-72.77974831,-58.97660042,13.25559753,-0.8855545743,-66.42694756,
59706666,-0.01071626844,-72.84270257,-59.09188661,23.98751408,-0.8762857615,-68.06178303,
59764444,-0.01522817067,-72.92357773,-58.77409604,23.45299541,-0.8639889955,-69.70674512,
59822222,-0.01993571999,-72.99508319,-58.74304193,22.31293463,-0.853630969,-71.30507206,
59880000,-0.02268229352,-73.07441125,-58.74225239,21.26199527,-0.848262848,-72.91849155,
59937777,-0.02645538221,-73.14510837,-58.77873609,21.99619423,-0.8407399948,-74.5182885,
59995555,-0.02798237461,-73.20490251,-58.28372655,20.21028083,-0.8339579239,-76.1356243,
60053333,-0.02993330966,-73.27938964,-58.31870602,19.85475325,-0.8270718452,-77.75526918,
60111111,-0.03199744591,-73.35051121,-58.48043045,18.4476276,-0.819976254,-79.3887526,
60168888,-0.0335797434,-73.40999462,-58.23970131,18.02715409,-0.8123101926,-81.0210512,
60226666,-0.03557687575,-73.48176859,-58.18603939,18.72071395,-0.8036858927,-82.68299975,
60284444,-0.03698267884,-73.55052935,-57.73503274,14.68563087,-0.798508733,-84.309823,
60342222,-0.03838962079,-73.62609031,-57.79186712,16.29204706,-0.7939913746,-85.92386673,
60400000,0.164810346,-73.95573932,-54.71512154,93.66049553,-0.7766376649,-86.40825019,
60457777,-0.04029133134,-73.78696289,-57.41408784,12.73643322,-0.7843670649,-89.21045594,
60515555,-0.04297009664,-73.86115724,-57.60056409,13.00325284,-0.7786665977,-90.84282525,
60573333,-0.04430233376,-73.91979973,-57.42750773,13.39852651,-0.7732337964,-92.50047131,
60631111,-0.04659197473,-73.99155813,-57.27560541,12.63038628,-0.7692186538,-94.15598174,
60688888,-0.04915555748,-74.06472604,-57.12564539,10.9507519,-0.7674726488,-95.80129434,
60746666,-0.05112110121,-74.1501785,-56.77847268,9.845409739,-0.7644670762,-97.43679773,
60804444,-0.05350855222,-74.21717841,-56.89587199,9.006777278,-0.7601615036,-99.09348665,
60862222,-0.05547018254,-74.29388457,-56.69343191,9.63266886,-0.7553933832,-100.7376288,
60920000,-0.05793575656,-74.36544158,-56.88085804,8.027968574,-0.7525031717,-102.4003485,
60977777,-0.05955886326,-74.42627688,-56.47953011,5.250004518,-0.7486683428,-104.0606516,
61035555,-0.06025559306,-74.49300991,-56.395887,5.518120007,-0.7428689946,-105.7330736,
61093333,-0.05988479101,-74.57011065,-56.15408504,5.003417533,-0.7373460803,-107.4033559,
61151111,-0.05918253516,-74.63808846,-56.03706272,4.470312013,-0.7298901764,-109.072845,
61208888,-0.05998149244,-74.72019092,-55.9019283,4.265148902,-0.7238153688,-110.7490467,
61266666,-0.06011374285,-74.78239146,-55.76051816,3.679623955,-0.7179917747,-112.426173,
61324444,-0.05869759348,-74.90985095,-55.83086109,0.6141431138,-0.7075859417,-114.1225275,
61382222,-0.06103269055,-74.93564396,-55.75791861,1.085937639,-0.7100515697,-115.7823974,
61440000,-0.06186376987,-75.02455633,-55.67849348,-0.1232451375,-0.7049155565,-117.4693222,
61497777,-0.06006026023,-75.08906462,-55.31114316,-0.3527202602,-0.6960613134,-119.143403,
61555555,-0.06371919803,-75.19862293,-55.38197581,0.001383125748,-0.6947632337,-120.8680476,
61613333,-0.06381768281,-75.2851519,-55.19393868,-2.014379355,-0.6917235421,-122.5572528,
61671111,-0.06209837881,-75.36937473,-54.89299549,-2.482830886,-0.6878915358,-124.2376609,
61728888,-0.05720937999,-75.45190811,-55.72933241,-1.444007371,-0.6809509388,-125.9698902,
61786666,-0.05871114026,-75.53992406,-54.83879174,-6.108823426,-0.6796165854,-127.6355143,
61844444,-0.0559126936,-75.5995301,-54.74378832,-6.421308639,-0.6777344683,-129.3462291,
61902222,-0.05568837709,-75.68828714,-54.6926792,-6.658057378,-0.6752950883,-131.0392888,
61960000,-0.05421827547,-75.73737386,-54.65808289,-8.103026,-0.6744492661,-132.7493367,
62017777,-0.05345234449,-75.82455511,-54.42459014,-8.557895209,-0.6734703492,-134.4681117,
62075555,-0.07246425175,-75.95050895,-54.9144515,-3.16361632,-0.6670639333,-136.3007461,
62133333,0.05364619821,-76.39613419,-54.17577417,-11.44255311,-0.5960762019,-137.9951126,
62191111,-0.04590841186,-76.05649513,-54.0089493,-11.2414046,-0.6710742697,-139.6282368,
62248888,-0.0406728816,-76.38111413,-55.52506081,-18.90400687,-0.643039113,-141.0667986,
62306666,-0.04386321627,-76.19519915,-53.8051917,-13.34191248,-0.6658653401,-143.1121548,
62364444,-0.04368250448,-76.27560465,-53.60406389,-14.93841853,-0.665785049,-144.8516087,
62422222,-0.04218825042,-76.33719143,-53.56446446,-14.94248902,-0.6664903227,-146.629129,
62480000,-0.03899520139,-76.41319031,-53.32126891,-16.55863233,-0.6654578119,-148.3841189,
62537777,-0.03746806677,-76.49527478,-53.18683817,-17.85189442,-0.664762811,-150.1507557,
62595555,-0.03623044376,-76.56485197,-53.169169,-19.00542813,-0.6647792344,-151.9416611,
62653333,-0.03593872764,-76.6347838,-53.05471777,-19.55221709,-0.6655384195,-153.7161547,
62711111,-0.03166038118,-76.7181204,-52.77022257,-20.37209179,-0.6678206365,-155.4747082,
62768888,-0.02408643195,-76.76800106,-52.64972898,-21.13225692,-0.6721958183,-157.2179543,
62826666,-0.02324043345,-76.8310498,-52.56050736,-22.67269658,-0.67914002,-158.9645436,
62884444,-0.02137852838,-76.90490356,-52.39810508,-23.41524269,-0.6857046834,-160.7391866,
62942222,-0.02058575975,-76.9691201,-52.2086368,-24.82722884,-0.6920079325,-162.5226881,
63000000,-0.01329666093,-77.08204021,-52.18778953,-30.33120808,-0.6915777361,-164.3827873,
63057777,-0.01740195496,-77.11030867,-51.79144549,-26.75428414,-0.7085234354,-166.1248492,
63115555,-0.01562599528,-77.17453593,-51.68216691,-28.03217197,-0.7179345739,-167.9416377,
63173333,-0.01495684061,-77.25501309,-51.55557754,-28.40184802,-0.7284020065,-169.7428508,
63231111,-0.01072180461,-77.32804976,-51.57815606,-29.63111959,-0.7394225436,-171.5654243,
63288888,-0.00966952309,-77.38268313,-51.37423131,-30.65203217,-0.7510031411,-173.3882319,
63346666,-0.008651787435,-77.42989738,-51.22400262,-30.88495067,-0.764907255,-175.2475026,
63404444,-0.007841627947,-77.50289814,-51.0815643,-32.19635256,-0.7804681777,-177.0783674,
63462222,-0.005570531782,-77.57410438,-50.87207659,-33.25815738,-0.7970140214,-178.9293908,
63520000,-0.003900870894,-77.63698145,-50.76382371,-34.07888784,-0.8161771463,179.2582997,
63577777,-0.002124989627,-77.69372824,-50.59915592,-35.25663334,-0.8341464595,177.4254151,
63635555,-0.001916051234,-77.76674877,-50.54512927,-35.57590449,-0.855076164,175.5597761,
63693333,-0.001173235455,-77.82384931,-50.42798759,-36.02204401,-0.8786920105,173.7091766,
63751111,0.006060042201,-77.89323104,-50.28539565,-37.88684809,-0.9019686599,171.8215019,
63808888,0.002105794547,-77.95449709,-50.16666783,-39.40536546,-0.9286267794,170.0423148,
63866666,0.002284503114,-78.02642379,-50.00851196,-39.76231088,-0.9553982967,168.2374263,
63924444,0.003540369119,-78.10158888,-49.81862647,-41.43250243,-0.9811146334,166.4175773,
63982222,0.003776902852,-78.17939957,-49.55883589,-42.60050107,-1.007942825,164.6212717,
64040000,0.005673067402,-78.24571233,-49.45242982,-44.03862249,-1.033782518,162.8519503,
64097777,0.009859910148,-78.30236604,-49.29500299,-45.38917055,-1.055607634,161.0721684,
64155555,0.01272868491,-78.36984243,-49.17478008,-46.5764593,-1.076692761,159.3176845,
64213333,0.01294340848,-78.44620238,-49.00720208,-48.70825476,-1.097049409,157.5571257,
64271111,0.0149958604,-78.52300591,-48.85333648,-49.58886522,-1.111725652,155.7890426,
64328888,0.01722807484,-78.59181291,-48.73504999,-51.18291824,-1.121768544,154.0303995,
64386666,0.02029075236,-78.67135754,-48.64976789,-52.53147799,-1.129616146,152.2558351,
64444444,0.02334568716,-78.73581901,-48.4858059,-54.19587685,-1.133025884,150.4835556,
64502222,0.02558765627,-78.82380734,-48.4132122,-55.42379676,-1.134155506,148.692935,
64560000,0.0249516809,-78.88372774,-48.3406853,-57.59388109,-1.135047029,146.8808236,
64617777,0.02460137455,-78.9409888,-48.2105171,-59.06914337,-1.132199715,145.0381922,
64675555,0.02387781671,-79.01401067,-48.14416158,-60.75742957,-1.127980202,143.1681615,
64733333,0.02204733619,-79.07552749,-48.05432713,-62.02932614,-1.120733106,141.2444199,
64791111,0.0213887306,-79.14230882,-47.97870735,-63.51920074,-1.115038522,139.3089121,
64848888,0.020980094,-79.21942258,-47.94398566,-64.15921262,-1.105959875,137.3407244,
64906666,0.02119203394,-79.27531046,-47.7952538,-66.81174581,-1.099658757,135.3428589,
64964444,0.02047130936,-79.35939425,-47.81610326,-67.65850572,-1.089865864,133.3084851,
65022222,0.02100634321,-79.42786316,-47.68175852,-68.83122241,-1.082176652,131.2548281,
65080000,0.02162026724,-79.49684976,-47.57572751,-70.84464463,-1.073782588,129.1610953,
65137777,0.02239152031,-79.5695669,-47.52408741,-71.60141349,-1.067990639,127.0354891,
65195555,0.02255172496,-79.64516856,-47.51598521,-72.68849024,-1.064328554,124.9054856,
65253333,0.02507621138,-79.71003945,-47.35026462,-74.16966032,-1.059473097,122.7505394,
65311111,0.02581121064,-79.77691754,-47.34515808,-75.08661867,-1.055428796,120.5573913,
65368888,0.02819206842,-79.84147405,-47.22636009,-76.6574931,-1.050764764,118.3565465,
65426666,0.03176734762,-79.91049737,-47.12118809,-77.89921601,-1.047742453,116.1131889,
65484444,0.03209808422,-79.98778673,-47.07574467,-79.6253477,-1.044691388,113.853787,
65542222,0.03088809187,-80.06868091,-47.00127211,-80.75121021,-1.044274303,111.5709533,
65600000,0.03383111097,-80.12058348,-47.05132142,-81.02700459,-1.061423133,109.3184456,
65657777,0.03207909842,-80.20236929,-46.84960235,-82.64363296,-1.044427149,106.9415389,
65715555,0.03253781548,-80.26069667,-46.74666021,-84.87301031,-1.045904694,104.5975964,
65773333,0.02967635449,-80.33583023,-46.66655933,-85.42902643,-1.045986127,102.2263502,
65831111,0.03116349308,-80.39962917,-46.5799335,-87.15216208,-1.04765462,99.82938741,
65888888,0.03148960332,-80.48344971,-46.49888869,-88.44266089,-1.049608407,97.41483517,
65946666,0.02998280123,-80.54809888,-46.33052553,-89.19616872,-1.051045901,94.95966482,
66004444,0.02979927649,-80.60554505,-46.30041372,-90.61612204,-1.053591541,92.49595875,
66062222,0.03082214909,-80.67658069,-46.22729775,-92.18306079,-1.054985962,90.01158389,
66120000,0.03213991784,-80.74099056,-46.11004498,-93.50706492,-1.057632559,87.49801919,
66177777,0.03331176343,-80.81351519,-45.99791979,-94.58122978,-1.061617137,84.93638111,
66235555,0.03520327787,-80.89355024,-45.93765347,-95.60410911,-1.06480098,82.36926903,
66293333,0.0362426045,-80.95013453,-45.84921775,-97.48084756,-1.068833803,79.77786456,
66351111,0.03795682717,-81.03070785,-45.78684447,-98.0641589,-1.072839156,77.1465931,
66408888,0.03751533764,-81.09948128,-45.66453707,-99.88991847,-1.077155332,74.49237874,
66466666,0.03778713457,-81.17326767,-45.52310478,-100.7199732,-1.082568165,71.8257747,
66524444,0.03765315824,-81.2308393,-45.4596373,-102.6495673,-1.088359939,69.11167317,
66582222,0.03732209418,-81.33404888,-45.38535501,-103.8410404,-1.093089133,66.38050367,
66640000,0.03778605895,-81.39235953,-45.24180023,-105.2480693,-1.099214161,63.60251795,
66697777,0.03748105185,-81.45757097,-45.17785515,-106.5833963,-1.103299049,60.79457241,
66755555,0.03703349336,-81.52575805,-45.03678866,-108.0651531,-1.109098921,57.99044791,
66813333,0.03743321175,-81.60462885,-44.98869164,-109.1989642,-1.113385969,55.15269308,
66871111,0.03564703315,-81.65840277,-44.88932433,-110.8878628,-1.116563962,52.26411777,
66928888,0.03664696816,-81.73056378,-44.81311726,-112.344111,-1.120547642,49.35235986,
66986666,0.03494303371,-81.8134972,-44.70835812,-113.9777158,-1.125612245,46.41171143,
67044444,0.03565704253,-81.87437531,-44.61580204,-115.2776551,-1.129661351,43.43428315,
67102222,0.03564684404,-81.93225106,-44.52190954,-117.0736389,-1.133657351,40.42978806,
67160000,0.03735159265,-82.00603328,-44.39597698,-118.3424132,-1.139598926,37.38567451,
67217777,0.037907334,-82.06304912,-44.32427931,-120.2099042,-1.142868076,34.33718756,
67275555,0.03718552418,-82.14078567,-44.26663164,-121.6990422,-1.144380872,31.25560148,
67333333,0.03690083029,-82.21286102,-44.13854082,-123.4594717,-1.148112024,28.1452391,
67391111,0.03545758217,-82.28065637,-44.05918535,-124.6666066,-1.151589557,24.97845989,
67448888,0.03596322885,-82.35198555,-43.96511207,-126.1146454,-1.154279558,21.79667708,
67506666,0.03716587302,-82.4174151,-43.94821276,-128.0289956,-1.157127516,18.60106578,
67564444,0.03554641146,-82.47693812,-43.8272123,-129.5108418,-1.161739553,15.37029919,
67622222,0.03488408027,-82.5586563,-43.7338713,-131.1939423,-1.163544788,12.10501406,
67680000,0.03428375576,-82.62958128,-43.63079928,-132.7515476,-1.16576621,8.808427398,
67737777,0.03485267943,-82.69592473,-43.59142691,-134.592315,-1.168049672,5.498646011,
67795555,0.03420888033,-82.76824983,-43.5113408,-136.1541682,-1.169246561,2.151558663,
67853333,0.03488046282,-82.83248119,-43.43823702,-138.1502208,-1.171623525,-1.168465439,
67911111,0.03404479745,-82.89671932,-43.34706681,-139.5801982,-1.173880765,-4.558783099,
67968888,0.03325547293,-82.97541726,-43.31366506,-141.4202898,-1.175115839,-7.959988842,
68026666,0.03225421046,-83.03561509,-43.28630394,-143.0564452,-1.176041606,-11.41043596,
68084444,0.03180600036,-83.11403235,-43.20155702,-144.7288484,-1.178175621,-14.84683535,
68142222,0.03307106452,-83.18663899,-43.15915422,-146.5461572,-1.179790253,-18.31224298,
68200000,0.03080447013,-83.25929304,-43.05912747,-148.182746,-1.181589054,-21.78560961,
68257777,0.03084806444,-83.33297599,-42.99754541,-149.9170106,-1.181424958,-25.30181339,
68315555,0.02943589837,-83.40392396,-42.99036771,-151.6919531,-1.184240085,-28.8264696,
68373333,0.02823446828,-83.47429258,-42.94173549,-153.5696826,-1.185138007,-32.35095926,
68431111,0.02734463527,-83.53068962,-42.87483539,-155.571103,-1.183926005,-35.87090005,
68488888,0.02823603001,-83.61439768,-42.84172403,-157.1958881,-1.18436924,-39.4103031,
68546666,0.02710419124,-83.671789,-42.82274269,-159.0355134,-1.185377894,-42.96520427,
68604444,0.02630693336,-83.74536581,-42.77465296,-160.7574995,-1.186558615,-46.50511091,
68662222,0.02676723026,-83.82436487,-42.74695369,-162.4470387,-1.187662613,-50.06430426,
68720000,0.02624190333,-83.88562793,-42.69839484,-164.2866944,-1.187672277,-53.6253453,
68777777,0.0251390577,-83.96465813,-42.68476091,-166.2672533,-1.188678134,-57.19870639,
68835555,0.02571330945,-84.04634637,-42.71302962,-168.3202214,-1.190510132,-60.75221976,
68893333,0.02508378129,-84.10722371,-42.68433034,-169.7138322,-1.192289175,-64.30704371,
68951111,0.02463433115,-84.18980958,-42.65663001,-171.4541904,-1.193025124,-67.83873797,
69008888,0.02674336895,-84.24898429,-42.6691029,-173.4508554,-1.195418698,-71.379548,
69066666,0.02582140158,-84.33279256,-42.63064305,-175.3186245,-1.196775853,-74.92356106,
69124444,0.02611900313,-84.40055213,-42.65788283,-177.2068995,-1.197683965,-78.45227384,
69182222,0.02559532652,-84.48080806,-42.65848845,-178.8643748,-1.199093073,-81.96208196,
69240000,0.02445123477,-84.5528655,-42.64969909,179.4133039,-1.201358063,-85.47639569,
69297777,0.02472730695,-84.61888522,-42.67276348,177.7577051,-1.203795594,-88.96100766,
69355555,0.0237334453,-84.6838493,-42.67259894,175.7162775,-1.206605595,-92.42326501,
69413333,0.02208315243,-84.73819291,-42.70524442,174.1075682,-1.209699286,-95.87690478,
69471111,0.02120883645,-84.8143489,-42.74544226,171.9844097,-1.211999504,-99.29757799,
69528888,0.02002818721,-84.8824576,-42.74216787,170.366741,-1.215336451,-102.716776,
69586666,0.02036589764,-84.95530453,-42.76445913,168.4953198,-1.219335706,-106.1117428,
69644444,0.01952825591,-85.04204785,-42.80562431,166.8759891,-1.224393585,-109.4805145,
69702222,0.01823078411,-85.11420462,-42.84473097,165.3746798,-1.227283465,-112.8249513,
69760000,0.01783518463,-85.19092626,-42.84043962,163.3473645,-1.23194814,-116.1494737,
69817777,0.01689410965,-85.25466167,-42.8768191,161.7478497,-1.235796746,-119.4686501,
69875555,0.016171213,-85.33515448,-42.89843906,159.8288966,-1.241575483,-122.7490453,
69933333,0.0143479227,-85.40318744,-42.97685453,158.5070444,-1.246707372,-126.0025864,
69991111,0.01505366803,-85.47594549,-43.02709145,156.7758761,-1.253168672,-129.2343392,
70048888,0.01482463636,-85.55178097,-43.04748999,155.4390104,-1.258760793,-132.4468962,
70106666,0.01421456054,-85.62239143,-43.09450086,153.1463378,-1.262990913,-135.625457,
70164444,0.01329272806,-85.69632065,-43.19067048,151.3807886,-1.268751871,-138.7802526,
70222222,0.01310313529,-85.77018195,-43.2350739,149.965353,-1.274518776,-141.9063653,
70280000,0.01221216654,-85.83080316,-43.27925838,148.5355072,-1.28007838,-145.0383104,
70337777,0.01130942248,-85.90718732,-43.30797033,146.800068,-1.287281088,-148.0959825,
70395555,0.01055757269,-85.97554016,-43.3842332,145.0116183,-1.291914011,-151.164673,
70453333,0.01017018027,-86.03769842,-43.45284044,143.6265795,-1.299320148,-154.179907,
70511111,0.009709764557,-86.10136761,-43.49786377,141.9430872,-1.306564562,-157.194194,
70568888,0.008211292053,-86.19549118,-43.55816432,140.1472204,-1.313804226,-160.1833717,
70626666,0.00918305238,-86.27184329,-43.62802893,138.7623527,-1.319726613,-163.1208308,
70684444,0.008417063365,-86.33038623,-43.69924761,137.1725821,-1.326782712,-166.0480499,
70742222,0.007846813969,-86.40040724,-43.82163423,135.7990628,-1.335178718,-168.9574698,
70800000,0.006713685121,-86.4657357,-43.86201341,134.0106363,-1.344762407,-171.8119889,
70857777,0.006131418437,-86.54101335,-43.9515661,132.9940885,-1.349907062,-174.6885049,
70915555,0.005408084774,-86.61255139,-44.01554001,131.2281765,-1.357168941,-177.5140274,
70973333,0.004354904629,-86.68889188,-44.07223251,129.6753921,-1.364508667,179.6868854,
71031111,0.004232911193,-86.76548768,-44.16839682,128.0869967,-1.371995927,176.8938795,
71088888,0.003113638672,-86.84099621,-44.2472764,126.7669748,-1.378490996,174.1099046,
71146666,0.001726272221,-86.93074847,-44.33599649,125.2945289,-1.386386647,171.3636485,
71204444,-7.764565679e-05,-86.99910889,-44.41591048,123.4054352,-1.394211649,168.6440422,
71262222,-0.0001437083504,-87.07054002,-44.47835781,122.1866492,-1.401448952,165.956683,
71320000,-0.0009665701435,-87.14560491,-44.55541797,120.5848664,-1.410584286,163.2702518,
71377777,-0.002980857621,-87.19722367,-44.66124695,119.5293054,-1.417482464,160.6146252,
71435555,-0.003175682966,-87.26864719,-44.75536626,117.7677694,-1.423615622,157.9594183,
71493333,-0.003624668766,-87.33356581,-44.83871122,116.536808,-1.430657846,155.3348413,
71551111,-0.004263803806,-87.42125803,-44.98081337,115.2648355,-1.438583822,152.7182277,
71608888,-0.005484731924,-87.48726635,-45.04401057,113.788881,-1.447443967,150.1473858,
71666666,-0.007384126658,-87.55481465,-45.20516058,112.0785275,-1.454666285,147.5989813,
71724444,-0.009233418486,-87.62528509,-45.27834727,110.8579879,-1.461587885,145.0458303,
71782222,-0.01008312237,-87.69954114,-45.40359624,109.4871864,-1.468338929,142.4984367,
71840000,-0.01287791331,-87.77201993,-45.47415991,108.1704049,-1.474158222,139.9841447,
71897777,-0.01343768993,-87.84517332,-45.61890019,106.708961,-1.479644979,137.4676286,
71955555,-0.01551246551,-87.92433947,-45.72794581,105.4123709,-1.486922224,134.9758665,
72013333,-0.01632448115,-87.9982427,-45.9030262,103.8971543,-1.490600987,132.4974833,
72071111,-0.01695690467,-88.07405713,-45.99416331,102.8101532,-1.498188034,130.0372237,
72128888,-0.01819202538,-88.14987594,-46.08462101,101.0490234,-1.503120394,127.5902923,
72186666,-0.01833152103,-88.20566029,-46.19491055,99.83161598,-1.508499199,125.152122,
72244444,-0.02129201561,-88.29248959,-46.35513075,98.51351602,-1.512778017,122.7285981,
72302222,-0.02299282794,-88.36773092,-46.46370517,97.20855393,-1.518467905,120.3094126,
72360000,-0.02334043807,-88.44931314,-46.64803792,95.92513823,-1.5236333,117.9255214,
72417777,-0.0248892504,-88.52983793,-46.79400076,94.18605874,-1.528195006,115.5304042,
72475555,-0.02643287609,-88.59426784,-46.9445729,93.1371393,-1.532459826,113.1413316,
72533333,-0.02792643954,-88.67332122,-47.04791319,91.65338747,-1.536736553,110.7651111,
72591111,-0.02836615186,-88.75686506,-47.29500502,90.20431189,-1.540073817,108.4075072,
72648888,-0.02965959658,-88.82026789,-47.45957155,88.34209399,-1.54447143,106.0605432,
72706666,-0.03003725404,-88.89077356,-47.65085616,86.94011994,-1.547407344,103.7060853,
72764444,-0.03203797018,-88.9539395,-47.86828519,85.51788851,-1.551552783,101.3882796,
72822222,-0.03295633837,-89.0197151,-48.0973933,84.09986352,-1.553585126,99.05328924,
72880000,-0.03455387408,-89.10317489,-48.23092428,82.74569754,-1.555408477,96.743925,
72937777,-0.03609774441,-89.17363311,-48.493802,80.71448213,-1.557962804,94.44359846,
72995555,-0.03717644195,-89.2401995,-48.70468371,80.05120434,-1.558697986,92.13127598,
73053333,-0.03628850429,-89.32800123,-48.8573281,77.75238249,-1.556432691,89.82861152,
73111111,-0.03450825766,-89.40455647,-49.15296137,76.23979546,-1.552431973,87.54124524,
73168888,-0.03322061387,-89.47636561,-49.44929071,74.66131175,-1.54921814,85.25827992,
73226666,-0.03068274795,-89.5503207,-49.75086066,72.85908425,-1.545158474,82.97508557,
73284444,-0.03071873569,-89.63516696,-49.97205706,71.23125294,-1.541520346,80.69880445,
73342222,-0.02965065889,-89.70266843,-50.41039686,69.18539316,-1.537153532,78.41784295,
73400000,-0.02876359756,-89.77536984,-50.62413154,66.82583547,-1.532159107,76.1819735,
73457777,-0.02826313755,-89.85326618,-50.96878848,65.03184013,-1.526723477,73.93900174,
73515555,-0.02703647854,-89.92921774,-51.50539743,63.47030355,-1.520435285,71.6817034,
73573333,-0.02548572298,-90.00202743,-51.71410574,60.96922092,-1.514401198,69.42721364,
73631111,-0.02488777012,-90.08274206,-52.21726967,57.8884249,-1.508664637,67.18028075,
73688888,-0.02331247592,-90.16935933,-52.76452328,55.92260916,-1.501151514,64.92263216,
73746666,-0.02154461824,-90.24980114,-53.23082757,52.78417282,-1.495265488,62.69181511,
73804444,-0.02179769407,-90.31386775,-53.7001043,49.94443141,-1.4886907,60.43762147,
73862222,-0.02122446561,-90.39601547,-54.41724931,46.25439651,-1.480755026,58.21386425,
73920000,-0.01856055452,-90.45870867,-55.09609046,41.59904143,-1.471836074,55.98813462,
73977777,-0.01821868883,-90.54809702,-55.76138755,34.94626837,-1.462976898,53.76043444,
74035555,-0.01672148311,-90.61511201,-56.61957488,30.13365278,-1.453507149,51.5410198,
74093333,-0.01651238427,-90.70486317,-57.37570625,23.39519946,-1.443504383,49.29352816,
74151111,-0.01439082867,-90.78203688,-58.45635621,14.47227212,-1.433795136,47.0753713,
74208888,-0.0137292244,-90.85925648,-59.21016596,5.740217853,-1.424728556,44.83520779,
74266666,-0.01263725674,-90.94515749,-59.63798274,-9.653029777,-1.414258892,42.61925766,
74324444,-0.01089130165,-91.00660282,-59.78893722,-24.6360891,-1.401912962,40.40262903,
74382222,-0.01026989988,-91.0942848,-59.59974495,-40.00783216,-1.39055511,38.16190139,
74440000,-0.009418036919,-91.15116505,-58.7073454,-55.59835456,-1.381620563,35.95189477,
74497777,-0.008655203815,-91.23766585,-57.91885894,-68.79335009,-1.368186147,33.72770019,
74555555,-0.008080873083,-91.31103492,-56.56341273,-77.37317249,-1.355030505,31.49410281,
74613333,-0.007494547195,-91.39164756,-55.37093973,-85.1980807,-1.341668298,29.25909512,
74671111,-0.006709883534,-91.46847665,-54.02270836,-91.89292748,-1.328881928,27.02856561,
74728888,-0.005899758353,-91.55148419,-52.85043075,-97.16817613,-1.314701067,24.79791591,
74786666,-0.005892698784,-91.61965829,-51.77936827,-101.2074797,-1.300599947,22.56916256,
74844444,-0.004726903993,-91.69686611,-50.65372981,-105.306755,-1.285693575,20.32505619,
74902222,-0.003555881436,-91.79775731,-49.59706214,-109.3185561,-1.270722641,18.13336862,
74960000,-0.002254721534,-91.87420922,-48.65436671,-111.6162127,-1.255627131,15.88344884,
75017777,-0.001263744047,-91.96526305,-47.74813404,-114.8268978,-1.239637946,13.61361831,
75075555,-0.0006307715564,-92.03684987,-46.83790674,-117.1847856,-1.224510369,11.34811253,
75133333,0.0001384465448,-92.13236477,-45.91435904,-119.4024228,-1.208009105,9.083057782,
75191111,0.0001800054042,-92.20568841,-45.11650108,-122.0249051,-1.191046605,6.793343507,
75248888,0.0009680270852,-92.29094695,-44.23577769,-124.2732197,-1.173680892,4.51146888,
75306666,0.001639608413,-92.38381415,-43.44059684,-126.5950302,-1.155548275,2.211802035,
75364444,0.002235444013,-92.47120746,-42.60535414,-128.1696703,-1.137523381,-0.09555944544,
75422222,0.002652424688,-92.56635433,-41.87492449,-130.4652809,-1.118088635,-2.426726509,
75480000,0.003976664627,-92.635469,-41.05253561,-132.282102,-1.099404592,-4.751049532,
75537777,0.003664154069,-92.73981571,-40.30122229,-133.9768491,-1.079939812,-7.106653692,
75595555,0.004903202062,-92.81424203,-39.52383898,-135.8017705,-1.059439579,-9.478289879,
75653333,0.005217224005,-92.89466466,-38.77354276,-137.7157933,-1.039334836,-11.86463331,
75711111,0.004881821418,-92.97965351,-37.99969698,-139.6268148,-1.019185515,-14.29039395,
75768888,0.004941275742,-93.09497426,-37.23439772,-141.5921454,-0.9965241205,-16.72434013,
75826666,0.004466428198,-93.18379621,-36.46840531,-143.3218569,-0.9751980601,-19.19214692,
75884444,0.005167707975,-93.2586786,-35.70192449,-145.1447153,-0.9529986258,-21.70903925,
75942222,0.004916595071,-93.36329107,-34.92929784,-147.2014068,-0.9304397918,-24.2555696,
76000000,0.00418542996,-93.46008395,-34.13560936,-149.1971172,-0.9093477205,-26.83824046,
76057777,0.00395387966,-93.55952868,-33.33887883,-151.2615894,-0.8874491633,-29.49574438,
76115555,0.003496799882,-93.66825079,-32.51289259,-153.3323748,-0.864985553,-32.2082272,
76173333,0.002654356312,-93.78207608,-31.67436446,-155.6903817,-0.8431740465,-34.99826541,
76231111,0.0007124248512,-93.87734933,-30.81417295,-157.9672774,-0.8229273195,-37.86728484,
76288888,-0.001911163086,-93.99185511,-29.91853699,-160.4184922,-0.8053268911,-40.85290159,
76346666,-0.004803436331,-94.10548296,-28.99225951,-163.0764102,-0.790275427,-43.96411613,
76404444,-0.008666357532,-94.22863062,-28.03434795,-165.9146361,-0.7808288223,-47.23714196,
76462222,-0.01513453049,-94.36433591,-27.02702643,-168.9948442,-0.7800185863,-50.71245847,
76520000,-0.02198731129,-94.52448911,-25.96811707,-172.4741007,-0.7904047441,-54.45065255,
76577777,-0.03194363009,-94.68695786,-24.85870323,-176.3277526,-0.8204449636,-58.49564418,
76635555,-0.04437244837,-94.83733033,-23.69283481,179.2353071,-0.8830703721,-62.96876404,
76693333,-0.06342268779,-95.01649086,-22.46088101,174.0104106,-0.9984190993,-67.9955105,
76751111,-0.08903411575,-95.18568751,-21.16771111,167.8100627,-1.20282063,-73.69769139,
76808888,-0.1248490322,-95.34454244,-19.83647845,160.2382716,-1.563613409,-80.28853702,
76866666,-0.1722622096,-95.44944168,-18.50522415,150.9189056,-2.196624376,-87.85669198,
76924444,-0.2312762721,-95.40634107,-17.27390534,139.4240211,-3.313589922,-96.06781392,
76982222,-0.2901357358,-95.17686772,-16.3007311,125.6629005,-5.253398283,-103.3793313,
77040000,-0.3232766735,-94.72701318,-15.76674219,110.3335977,-8.389568848,-104.5069663,
77097777,-0.3159534513,-94.22346629,-15.76415958,94.90657837,-11.90112131,-86.33012899,
77155555,-0.2745760634,-93.86555504,-16.21547987,80.90603236,-11.39348295,-55.07761236,
77213333,-0.2224737652,-93.67710331,-16.94168807,69.15651937,-8.664040657,-43.44054897,
77271111,-0.1741374078,-93.65304001,-17.77844871,59.55508712,-6.628334411,-43.00982624,
77328888,-0.1358748673,-93.72174001,-18.62463013,51.77554955,-5.294151115,-45.87416638,
77386666,-0.10554003,-93.8254433,-19.43227007,45.40923049,-4.401227728,-49.58808586,
77444444,-0.08314350276,-93.94317498,-20.1796314,40.04621831,-3.774223091,-53.45504718,
77502222,-0.06539023907,-94.07321823,-20.86054511,35.48303835,-3.31869493,-57.18822767,
77560000,-0.05297191612,-94.20412825,-21.47881087,31.47960838,-2.976248124,-60.77282024,
77617777,-0.04204330484,-94.33023623,-22.04128249,27.92206697,-2.711235147,-64.18742559,
77675555,-0.03454950133,-94.44030955,-22.54636623,24.70140583,-2.502749768,-67.45712603,
77733333,-0.02778226549,-94.55260503,-23.01229943,21.75648601,-2.332649379,-70.60900863,
77791111,-0.02239388657,-94.65966432,-23.43691497,19.02683904,-2.19198816,-73.67344448,
77848888,-0.01751447896,-94.77226914,-23.81824923,16.4728845,-2.075558379,-76.63451467,
77906666,-0.01394621184,-94.876249,-24.16985196,14.02445156,-1.976719501,-79.52881365,
77964444,-0.01212941713,-94.96857371,-24.4939486,11.74215697,-1.891809889,-82.35605052,
78022222,-0.009736376495,-95.06767192,-24.79160267,9.443748278,-1.817766332,-85.14494725,
78080000,-0.006723995791,-95.16553765,-25.06261125,7.356048908,-1.754325891,-87.88165197,
78137777,-0.005281243341,-95.25934386,-25.31903282,5.262715534,-1.699748233,-90.59599976,
78195555,-0.003966936969,-95.36365835,-25.55149895,3.253224324,-1.650878256,-93.28292739,
78253333,-0.003041814152,-95.46226117,-25.7685295,1.221457777,-1.607606158,-95.93645665,
78311111,-0.001339947765,-95.53373901,-25.96627686,-0.7532793002,-1.568048061,-98.57060167,
78368888,0.0004156608415,-95.63724325,-26.15809861,-2.644859192,-1.534604515,-101.1977732,
78426666,0.0006307722213,-95.72933409,-26.32871926,-4.580532603,-1.504735919,-103.8020335,
78484444,0.001403735382,-95.81253341,-26.49080894,-6.399276428,-1.477208706,-106.4005042,
78542222,0.001987299009,-95.90058479,-26.63930303,-8.264799825,-1.453584582,-108.9984367,
78600000,0.002456369139,-95.98860108,-26.77260101,-10.06170241,-1.431369087,-111.5869126,
78657777,0.00288758457,-96.06877808,-26.91177018,-11.95592445,-1.413320482,-114.1773547,
78715555,0.003820833364,-96.14775866,-27.03678667,-13.76912827,-1.39774171,-116.7572451,
78773333,0.003515636632,-96.23316622,-27.15059253,-15.5437502,-1.381418248,-119.3482516,
78831111,0.004054446584,-96.30522501,-27.25604588,-17.28373636,-1.370477204,-121.9489671,
78888888,0.005369038161,-96.39704235,-27.36797456,-19.05891865,-1.359724129,-124.5350576,
78946666,0.003988698073,-96.46849408,-27.46382953,-20.85821133,-1.350877465,-127.1252305,
79004444,0.005094235844,-96.54383788,-27.5541204,-22.64557574,-1.34292395,-129.7522493,
79062222,0.004558585589,-96.64166982,-27.63668885,-24.36204983,-1.337435989,-132.3626727,
79120000,0.004822101536,-96.70559214,-27.72327457,-26.10348029,-1.333912947,-134.9827768,
79177777,0.00405382088,-96.78475368,-27.79545829,-27.92882469,-1.330118553,-137.6266418,
79235555,0.004916474075,-96.86612579,-27.8705779,-29.71739143,-1.327504344,-140.2789322,
79293333,0.003999778862,-96.93812067,-27.93587361,-31.4254789,-1.328138611,-142.9310045,
79351111,0.005197805692,-97.0180188,-28.00871899,-33.22530081,-1.328344365,-145.6142577,
79408888,0.00476475026,-97.09112147,-28.06508533,-34.93476337,-1.330271656,-148.2951097,
79466666,0.003991846231,-97.17722032,-28.12373587,-36.63972508,-1.333922698,-151.0139977,
79524444,0.004146350794,-97.26035978,-28.18435192,-38.48475608,-1.337169826,-153.7319834,
79582222,0.004457330782,-97.3308846,-28.23949991,-40.17555457,-1.341121387,-156.469468,
79640000,0.003878646698,-97.40332186,-28.28624868,-41.86999533,-1.349005299,-159.2202554,
79697777,0.00387207287,-97.48027541,-28.3329301,-43.68642967,-1.355473778,-161.99498,
79755555,0.003481590956,-97.56197902,-28.37315699,-45.42619373,-1.363900388,-164.811594,
79813333,0.003329693028,-97.64527929,-28.43030269,-47.14263538,-1.372337297,-167.6373881,
79871111,0.003426013125,-97.71705954,-28.46598118,-48.91144945,-1.382047424,-170.4701622,
79928888,0.00267527458,-97.79239917,-28.50663128,-50.58712929,-1.394346853,-173.3270459,
79986666,0.002963481077,-97.86330828,-28.54687799,-52.33184999,-1.406028757,-176.223698,
80044444,0.003248065598,-97.94484625,-28.57642246,-54.13601523,-1.417830502,-179.1300445,
80102222,0.002777658219,-98.01235068,-28.61308569,-55.86141177,-1.432371744,177.9253223,
80160000,0.003637341532,-98.09282073,-28.6474284,-57.64677007,-1.447109753,174.9632112,
80217777,0.002413690524,-98.16146632,-28.66472253,-59.40390531,-1.461008042,171.9654921,
80275555,0.002790106553,-98.24097804,-28.69353676,-61.15872729,-1.47549203,168.9294396,
80333333,0.002452415525,-98.32299993,-28.72465185,-62.94603157,-1.493631645,165.8878807,
80391111,0.001971445064,-98.39280953,-28.7506029,-64.64550035,-1.510511554,162.8204806,
80448888,0.002060542756,-98.46238855,-28.76876148,-66.4671991,-1.528455116,159.7084529,
80506666,0.001344470142,-98.54733932,-28.79023043,-68.24057354,-1.547128115,156.560811,
80564444,0.000188466248,-98.60927214,-28.81103539,-70.05341001,-1.566306083,153.3741799,
80622222,0.0004715893298,-98.6813353,-28.84384958,-71.94947015,-1.585819046,150.1729607,
80680000,0.0006179910471,-98.76585849,-28.85504124,-73.70431876,-1.606328537,146.9214254,
80737777,0.0006562086963,-98.85049958,-28.87327128,-75.59799159,-1.627842811,143.6573041,
80795555,0.0007550107054,-98.91214599,-28.88807102,-77.3669768,-1.647879337,140.3609795,
80853333,-0.0007302502803,-98.98747106,-28.9057138,-79.22145387,-1.66935804,137.0310696,
80911111,-0.0007523975319,-99.05731516,-28.92672326,-81.02803611,-1.690862468,133.6651607,
80968888,-0.0005937175357,-99.14067033,-28.94487264,-83.0160869,-1.713741422,130.2451292,
81026666,-0.0002712393449,-99.22262945,-28.95834328,-84.84177593,-1.736165281,126.8120605,
81084444,-0.0008133266422,-99.30205502,-28.97462728,-86.79763644,-1.756947424,123.332957,
81142222,-0.0002579864135,-99.37166147,-28.99008073,-88.65549481,-1.780024644,119.818031,
81200000,-0.002857050553,-99.45098834,-29.02065104,-90.67120192,-1.803139241,116.2877495,
81257777,-0.002021123258,-99.53245123,-29.02910008,-92.59686519,-1.824072171,112.7190468,
81315555,-0.002906640325,-99.60010027,-29.0502623,-94.54268858,-1.844922135,109.1046999,
81373333,-0.003425694535,-99.68532081,-29.07946745,-96.49838108,-1.867315217,105.4719417,
81431111,-0.004395369671,-99.75431539,-29.09236951,-98.4614517,-1.888391266,101.8035214,
81488888,-0.004868587454,-99.82706886,-29.10736187,-100.4198129,-1.908169182,98.1026033,
81546666,-0.004659102387,-99.90201731,-29.13922184,-102.4720316,-1.928441434,94.39935024,
81604444,-0.006014695017,-99.9905901,-29.1460063,-104.5133167,-1.946394449,90.64884043,
81662222,-0.006042125704,-100.0603502,-29.1883526,-106.5185527,-1.965500149,86.85523754,
81720000,-0.006061731348,-100.1423776,-29.21908696,-108.6048984,-1.982025351,83.07842917,
81777777,-0.006808484797,-100.2176287,-29.24669795,-110.5829781,-1.99921733,79.24132759,
81835555,-0.007455019538,-100.2878435,-29.27623406,-112.6580323,-2.013718969,75.40908329,
81893333,-0.008159891576,-100.3618409,-29.3114164,-114.6748657,-2.027279804,71.55261988,
81951111,-0.009143119565,-100.4371802,-29.35007576,-116.7942544,-2.039645244,67.67777634,
82008888,-0.009532789226,-100.5223707,-29.38880734,-118.8965112,-2.050766299,63.79306722,
82066666,-0.01054885075,-100.5840505,-29.41922409,-121.0166279,-2.060059647,59.92245621,
82124444,-0.01019936246,-100.6643724,-29.47474109,-122.9589356,-2.069120196,56.01874965,
82182222,-0.01186329704,-100.7518734,-29.52475478,-125.1941109,-2.075843068,52.11989343,
82240000,-0.01300008201,-100.8356265,-29.57098668,-127.1982169,-2.079748415,48.20041808,
82297777,-0.014178421,-100.899436,-29.61805731,-129.3034281,-2.08252966,44.31518379,
82355555,-0.01506117212,-100.9797702,-29.67665754,-131.4469122,-2.085603485,40.39378728,
82413333,-0.01471064693,-101.0646942,-29.72592619,-133.5329414,-2.085033606,36.49161648,
82471111,-0.01587240447,-101.1365343,-29.79365304,-135.6547431,-2.083631006,32.59944677,
82528888,-0.0163791422,-101.2114734,-29.85994053,-137.7209832,-2.080061758,28.71917294,
82586666,-0.01731507864,-101.2870377,-29.92091116,-139.8282029,-2.076405321,24.85672486,
82644444,-0.01847660578,-101.3712676,-29.98717994,-141.9867193,-2.069927655,20.98722629,
82702222,-0.01843909623,-101.451184,-30.05626548,-144.1347243,-2.063209262,17.15197531,
82760000,-0.02010419335,-101.5407408,-30.14499287,-146.2656507,-2.054405836,13.34161967,
82817777,-0.02120383581,-101.6309947,-30.20923828,-148.3043497,-2.045940742,9.538072674,
82875555,-0.0220333231,-101.7153009,-30.28974359,-150.3675718,-2.034401332,5.767108737,
82933333,-0.0305052558,-101.7418533,-30.37135547,-152.7337089,-2.017283383,1.974901898,
82991111,-0.02308947577,-101.8524186,-30.45788375,-154.6437842,-2.009263232,-1.684730828,
83048888,-0.02478019354,-101.9319085,-30.53744667,-156.6680631,-1.996968593,-5.38363779,
83106666,-0.02560783208,-102.013443,-30.62674319,-158.7990131,-1.983271932,-9.056551642,
83164444,-0.0268986805,-102.096867,-30.72139101,-160.8938518,-1.968812691,-12.68237571,
83222222,-0.0283997804,-102.1662815,-30.81293224,-163.0548215,-1.952899643,-16.2818556,
83280000,-0.02922875612,-102.2572633,-30.9082467,-164.9955653,-1.938195554,-19.84315832,
83337777,-0.03076278802,-102.3317625,-31.01002984,-167.0574685,-1.921488964,-23.36496653,
83395555,-0.03201481654,-102.4094543,-31.09870339,-169.0715358,-1.905991523,-26.84177553,
83453333,-0.03373633758,-102.4767488,-31.20626087,-171.1505975,-1.890285001,-30.30102025,
83511111,-0.03457887524,-102.5485444,-31.2978469,-173.160134,-1.874500087,-33.71374924,
83568888,-0.03495274021,-102.6341085,-31.4102124,-175.2849054,-1.85921545,-37.09607474,
83626666,-0.03685582849,-102.7208258,-31.50613403,-177.3893109,-1.843916567,-40.43832359,
83684444,-0.03705334645,-102.8025056,-31.61314127,-179.3823474,-1.828611109,-43.73890166,
83742222,-0.03835689145,-102.8931136,-31.73138065,178.5545692,-1.813858722,-46.99554912,
83800000,-0.03959433298,-102.9759623,-31.83124514,176.5450077,-1.798890654,-50.22746423,
83857777,-0.04187629793,-103.0477234,-31.94617344,174.51717,-1.784816792,-53.40724855,
83915555,-0.04270022015,-103.136726,-32.04991453,172.4785373,-1.771181108,-56.56142465,
83973333,-0.04392467085,-103.2356442,-32.15748814,170.4533752,-1.757605617,-59.67801268,
84031111,-0.0462763984,-103.3120596,-32.28108926,168.533989,-1.744840123,-62.75963124,
84088888,-0.04713273018,-103.3891083,-32.3682482,166.5234778,-1.732422237,-65.78298835,
84146666,-0.04761939752,-103.4833032,-32.49594936,164.3677207,-1.720837354,-68.78456128,
84204444,-0.0496089529,-103.5581202,-32.6095646,162.4917333,-1.710448905,-71.75334533,
84262222,-0.05065415137,-103.6471403,-32.71412328,160.3427429,-1.69892356,-74.6852824,
84320000,-0.05264775638,-103.7311699,-32.83736534,158.2909704,-1.690605399,-77.58218305,
84377777,-0.05465853919,-103.8047059,-32.94637964,156.3424401,-1.682103009,-80.44303568,
84435555,-0.05593510263,-103.8829769,-33.05005868,154.3923683,-1.673301654,-83.27419132,
84493333,-0.05774976162,-103.9795685,-33.17083354,152.2125696,-1.664591847,-86.07675178,
84551111,-0.05943102052,-104.0686464,-33.27382402,150.2292347,-1.657989161,-88.82944594,
84608888,-0.06136214464,-104.1499757,-33.39031308,148.2594375,-1.65153701,-91.5617462,
84666666,-0.06385423815,-104.2356823,-33.50368571,146.1503085,-1.646072901,-94.28410164,
84724444,-0.06477184957,-104.3268052,-33.61669347,144.1064606,-1.641206692,-96.96187182,
84782222,-0.06596640367,-104.4151802,-33.72483098,141.8841071,-1.637464323,-99.60354836,
84840000,-0.06869195718,-104.5038976,-33.82906194,139.9576983,-1.633516977,-102.2113713,
84897777,-0.06972772468,-104.5903782,-33.93563055,137.8173487,-1.631745481,-104.8078661,
84955555,-0.07112165405,-104.6799889,-34.03885831,135.6066494,-1.629777737,-107.396955,
85013333,-0.07234167864,-104.7630703,-34.13025329,133.4987164,-1.626715939,-109.9210453,
85071111,-0.071024455,-104.8575468,-34.2551715,131.3252204,-1.622108324,-112.4374132,
85128888,-0.07087454528,-104.938954,-34.34112079,129.1353511,-1.618595028,-114.929488,
85186666,-0.07018591815,-105.053239,-34.4345623,126.8828276,-1.614664421,-117.400991,
85244444,-0.06859862676,-105.1292445,-34.53008527,124.4740711,-1.612564342,-119.8546834,
85302222,-0.06913876126,-105.2362175,-34.6047162,122.2459828,-1.611802173,-122.2865134,
85360000,-0.0698149405,-105.324143,-34.7078197,119.92545,-1.610198736,-124.692246,
85417777,-0.06885632,-105.4065621,-34.79419864,117.4535293,-1.610076003,-127.0861059,
85475555,-0.06848537895,-105.5047274,-34.85472164,115.0499643,-1.610769261,-129.4557896,
85533333,-0.067045348,-105.6030877,-34.94016085,112.550718,-1.612870651,-131.8078301,
85591111,-0.06742605701,-105.7050599,-34.98736072,109.9545923,-1.613632811,-134.1468032,
85648888,-0.06793189896,-105.7827287,-35.07747992,107.415026,-1.618501418,-136.4509616,
85706666,-0.06701976965,-105.8919227,-35.12636752,104.6237779,-1.620207494,-138.7622352,
85764444,-0.06814132,-105.996952,-35.17530444,101.9946776,-1.623402502,-141.0498718,
85822222,-0.06890710899,-106.0999315,-35.20391279,99.24664886,-1.628104142,-143.3230922,
85880000,-0.06701872028,-106.1962151,-35.23594372,96.32906603,-1.633254506,-145.5900854,
85937777,-0.06785087379,-106.3123543,-35.25888908,93.38922038,-1.637589372,-147.8380916,
85995555,-0.06891047417,-106.4148221,-35.25442925,90.23508721,-1.644688149,-150.0714113,
86053333,-0.06995017756,-106.5258637,-35.25166312,87.13778581,-1.651761807,-152.3082405,
86111111,-0.07097416299,-106.6498246,-35.22915563,83.79011408,-1.658701227,-154.5113628,
86168888,-0.07145204318,-106.7687553,-35.16875086,80.38499581,-1.665439308,-156.7209984,
86226666,-0.0724675496,-106.8878792,-35.10921896,76.85579126,-1.674192563,-158.9155287,
86284444,-0.07506317005,-107.0090627,-35.02761927,73.38122146,-1.683498072,-161.0956382,
86342222,-0.07590643539,-107.1282216,-34.91288616,69.55315077,-1.691761404,-163.2850557,
86400000,-0.07845859006,-107.2716936,-34.76738677,65.59240982,-1.701074808,-165.4632733,
86457777,-0.08151377131,-107.4114412,-34.58519042,61.47956412,-1.710672065,-167.6487513,
86515555,-0.08587595995,-107.5753783,-34.36837778,57.27298082,-1.719308322,-169.8021659,
86573333,-0.08948440313,-107.7336704,-34.08682142,52.91973473,-1.729583795,-171.9546023,
86631111,-0.09587663864,-107.8987359,-33.78292687,48.28080837,-1.738917378,-174.0985402,
86688888,-0.1019657554,-108.0867847,-33.41699446,43.4736146,-1.748339091,-176.2562337,
86746666,-0.1106745135,-108.2882882,-32.97604309,38.61480528,-1.755815195,-178.4068501,
86804444,-0.1208699189,-108.4880788,-32.47125397,33.52921447,-1.763604648,179.4761727,
86862222,-0.1339957488,-108.7126362,-31.91621499,28.15608997,-1.768350099,177.3265628,
86920000,-0.1529916696,-108.9766534,-31.2432162,22.50164632,-1.77200057,175.1944215,
86977777,-0.1751759913,-109.2757086,-30.48871519,16.61369289,-1.770822627,173.0638712,
87035555,-0.2066166292,-109.6116519,-29.60874589,10.14503573,-1.764094685,170.9200329,
87093333,-0.2492208923,-109.9815765,-28.61605776,3.325399105,-1.749121736,168.7874004,
87151111,-0.3116206851,-110.3903143,-27.48433597,-4.376388589,-1.723865203,166.6213983,
87208888,-0.40313972,-110.8401386,-26.20149234,-13.10602464,-1.681479468,164.4077303,
87266666,-0.5405987861,-111.2629566,-24.77408022,-23.48258889,-1.615782012,162.0593443,
87324444,-0.7484835687,-111.5025766,-23.2390338,-36.34147176,-1.524312448,159.472111,
87382222,-1.034266806,-111.0354335,-21.74077936,-52.70565108,-1.424068348,156.3603502,
87440000,-1.30527944,-109.0891357,-20.61337665,-73.26074053,-1.379971753,152.570599,
87497777,-1.322335162,-105.9539633,-20.32166709,-96.36826894,-1.490254077,148.4881401,
87555555,-1.045892977,-103.6305457,-20.95335574,-118.0370554,-1.731586625,145.0600471,
87613333,-0.7228360971,-102.9224037,-22.1509118,-135.7254776,-1.976241051,142.5218363,
87671111,-0.4879232914,-103.1306043,-23.48840067,-149.2435741,-2.164168699,140.4235374,
87728888,-0.3362927609,-103.6328385,-24.77074494,-159.6924664,-2.295498866,138.4025973,
87786666,-0.2404056565,-104.1386402,-25.93427672,-168.1058114,-2.393258015,136.3532999,
87844444,-0.1768917037,-104.6117482,-26.96697266,-175.067039,-2.472350445,134.1931401,
87902222,-0.1359122986,-105.0318769,-27.8683406,178.9614621,-2.541802258,131.9307589,
87960000,-0.1049945456,-105.3994789,-28.67081104,173.8720647,-2.606052723,129.58084,
88017777,-0.084042717,-105.7190839,-29.38974086,169.2136355,-2.669257362,127.1453438,
88075555,-0.06931702677,-105.9776856,-30.02582729,165.0079038,-2.731996705,124.6422897,
88133333,-0.05655131402,-106.2469099,-30.58551224,161.1001627,-2.795574097,122.0455023,
88191111,-0.04665175289,-106.4653372,-31.10549812,157.5611107,-2.86208826,119.3769844,
88248888,-0.03851559617,-106.6694505,-31.58206772,154.2681042,-2.93250315,116.6499637,
88306666,-0.03255783497,-106.8622463,-32.01311839,151.0635328,-3.007780978,113.800507,
88364444,-0.02743588757,-107.0600164,-32.39028998,147.8432982,-3.085285041,110.9073577,
88422222,-0.02319737837,-107.2134009,-32.7520387,145.0892538,-3.16898533,107.8982959,
88480000,-0.02018689933,-107.3765519,-33.09023139,142.2599957,-3.257170975,104.7773077,
88537777,-0.01761057494,-107.529434,-33.39777409,139.6462954,-3.351580432,101.5683181,
88595555,-0.01412095081,-107.673272,-33.67977365,137.0538164,-3.451631396,98.24725142,
88653333,-0.01178328762,-107.8067222,-33.93959813,134.5464349,-3.561233437,94.78836581,
88711111,-0.01070457026,-107.9345782,-34.21755935,132.0215521,-3.677804936,91.23162367,
88768888,-0.008526554273,-108.0613091,-34.43795473,129.5763177,-3.801470321,87.4938755,
88826666,-0.007164224561,-108.1746436,-34.65528295,127.2498306,-3.936160962,83.62927049,
88884444,-0.006821058375,-108.3001978,-34.89462784,124.9975586,-4.080332703,79.55101683,
88942222,-0.004979070327,-108.420983,-35.07775157,122.8457213,-4.234412356,75.31140956,
89000000,-0.004384615752,-108.5160701,-35.28103494,120.5913056,-4.401854615,70.8337774,
89057777,-0.003387105048,-108.6342803,-35.47336517,118.2947865,-4.579766084,66.10389646,
89115555,-0.001894965504,-108.7444312,-35.65389698,116.146146,-4.774231026,61.10996211,
89173333,-0.001178787902,-108.8501167,-35.84182745,113.8101247,-4.979616592,55.84722674,
89231111,0.0006343239792,-108.9569106,-36.02160726,111.7015192,-5.199653782,50.23298058,
89288888,0.000501319517,-109.0681313,-36.21154835,109.52315,-5.431785708,44.22363956,
89346666,0.001044242293,-109.1628901,-36.3981822,107.3198993,-5.677624545,37.82634617,
89404444,0.00146512163,-109.2548509,-36.5911446,105.0669567,-5.932571633,30.96839045,
89462222,0.002017624706,-109.3588473,-36.74821449,103.1842312,-6.191634867,23.61424276,
89520000,0.002990476063,-109.4568551,-36.94824092,100.8755724,-6.45155938,15.71641239,
89577777,0.002718470653,-109.5476063,-37.15255563,98.81049606,-6.702166245,7.221775244,
89635555,0.004461307474,-109.6577573,-37.38158087,96.7634984,-6.933705986,-1.863976179,
89693333,0.004188228139,-109.734796,-37.60917164,94.99990677,-7.132706829,-11.53939574,
89751111,0.004372718517,-109.8230963,-37.82646927,92.78954808,-7.283248867,-21.78560347,
89808888,0.004482249839,-109.9276129,-38.05226269,90.92358063,-7.369656376,-32.49041211,
89866666,0.00480367049,-110.0141904,-38.32770375,89.176832,-7.380547393,-43.56819465,
89924444,0.005262051835,-110.0981315,-38.59607005,87.39720553,-7.308360794,-54.83297206,
89982222,0.006344731254,-110.2044404,-38.85739921,85.96252674,-7.155186388,-66.08095153,
90040000,0.006929326308,-110.294056,-39.15938095,84.42012166,-6.928335836,-77.17070045,
90097777,0.006846052433,-110.3741298,-39.41112859,83.06976976,-6.642115116,-87.93815079,
90155555,0.006459420521,-110.465568,-39.70091422,81.94795015,-6.314199652,-98.28345801,
90213333,0.007054210705,-110.5509524,-39.98932954,80.89512339,-5.961693769,-108.1229276,
90271111,0.006433830781,-110.6310854,-40.25480727,80.29531828,-5.600786093,-117.4449769,
90328888,0.008103263175,-110.7234708,-40.50727961,79.81712922,-5.241653194,-126.2331835,
90386666,0.007564112173,-110.8006995,-40.78502601,79.12052144,-4.897136688,-134.5120062,
90444444,0.006796870024,-110.8887142,-41.0058851,78.70149272,-4.573716707,-142.2932587,
90502222,0.007240567823,-110.9772233,-41.1688616,78.72570751,-4.271950065,-149.6331951,
90560000,0.007117848996,-111.0617683,-41.39816268,78.36746735,-3.993941649,-156.5178997,
90617777,0.007418892905,-111.1613451,-41.56516516,78.41905875,-3.74261115,-163.0400028,
90675555,0.007684645781,-111.2327526,-41.67088963,78.18690384,-3.515562355,-169.1666716,
90733333,0.006207603706,-111.3218858,-41.80524423,78.00190954,-3.311944123,-174.9690058,
90791111,0.00664339819,-111.3914131,-41.88917537,77.99454826,-3.130057402,179.5494502,
90848888,0.007667888552,-111.4845272,-41.98355062,77.79668864,-2.967754653,174.3307276,
90906666,0.006528698891,-111.5782838,-42.03269425,77.53943839,-2.824845112,169.3701772,
90964444,0.006077428113,-111.6553343,-42.10810818,77.46533107,-2.696396577,164.6510459,
91022222,0.006109097724,-111.7345292,-42.18306708,76.79669806,-2.58351046,160.1805745,
91080000,0.005978256633,-111.8227715,-42.2351213,76.50171525,-2.483542799,155.8638934,
91137777,0.006003953271,-111.9112918,-42.21719943,76.60561565,-2.39501709,151.7727861,
91195555,0.006715633837,-111.9905199,-42.28798025,75.73911635,-2.316254044,147.817509,
91253333,0.005805800888,-112.0756414,-42.32257671,75.40426109,-2.247571832,144.01996,
91311111,0.005754369995,-112.1505552,-42.36569135,74.83024673,-2.186949431,140.3717874,
91368888,0.005725246211,-112.2348883,-42.3847183,74.37638974,-2.133477101,136.8331166,
91426666,0.005007050163,-112.3233992,-42.34785007,73.7717197,-2.085634172,133.4382949,
91484444,0.006039595233,-112.4117691,-42.41270751,73.33188708,-2.044196891,130.1539483,
91542222,0.004859222725,-112.4871669,-42.44434202,72.44811738,-2.005839024,126.9577246,
91600000,0.00204680789,-112.5411204,-42.45437236,71.78630562,-1.973360175,123.8286891,
91657777,0.005330147753,-112.6348225,-42.51370817,71.29056104,-1.9439667,120.834479,
91715555,0.003675205481,-112.7315196,-42.554823,70.69693817,-1.919103081,117.8895129,
91773333,0.003969731229,-112.8046552,-42.55674649,70.10058875,-1.896190394,115.0286494,
91831111,0.004043944764,-112.8995777,-42.54033358,69.30188147,-1.875796873,112.2336127,
91888888,0.003221248553,-112.9844021,-42.58926077,68.60212681,-1.85807531,109.5053472,
91946666,0.00370804126,-113.0471719,-42.60666193,68.32031173,-1.843697816,106.8277328,
92004444,0.003124223177,-113.1343639,-42.57021474,67.45160442,-1.829934036,104.192415,
92062222,0.001453849618,-113.2175099,-42.61106018,66.54997065,-1.818768848,101.6314558,
92120000,0.001608830322,-113.2996391,-42.61081834,66.14164201,-1.80731133,99.09468224,
92177777,0.001735549225,-113.381515,-42.659664,65.18024293,-1.799139226,96.60797919,
92235555,0.0006467420189,-113.4493305,-42.64595053,64.7958734,-1.792101487,94.17073932,
92293333,-0.0002095718319,-113.526669,-42.65419025,63.78489597,-1.784715684,91.76372847,
92351111,0.0005534042672,-113.622085,-42.66404452,63.48545033,-1.780764443,89.3818142,
92408888,-0.0005943896028,-113.7047962,-42.67877823,62.67190092,-1.775030799,87.06405627,
92466666,0.0003174553175,-113.7806411,-42.74374667,65.00301046,-1.772100532,84.79585811,
92524444,0.004514893149,-113.8583733,-42.68467381,61.38268141,-1.760380434,82.48252883,
92582222,-0.001062169139,-113.9484794,-42.67221984,60.75379893,-1.767382723,80.19830017,
92640000,-0.001170468638,-114.0370828,-42.6848984,59.94587518,-1.767415221,77.98747255,
92697777,-0.001687899095,-114.1063654,-42.67024065,59.26140279,-1.765754282,75.7810432,
92755555,-0.002571666869,-114.1971487,-42.63957296,58.47514819,-1.765754408,73.61141753,
92813333,-0.002786925002,-114.2907242,-42.6183939,57.88746015,-1.766235135,71.44155732,
92871111,-0.002227923937,-114.3554623,-42.6347605,57.19450578,-1.766773497,69.31463163,
92928888,-0.003749557254,-114.4274497,-42.59685554,56.49832941,-1.768366927,67.22141902,
92986666,-0.005109017431,-114.515598,-42.56904895,55.71021692,-1.771699018,65.11190385,
93044444,-0.004365798485,-114.6049905,-42.51423267,54.96070451,-1.77327979,63.03421658,
93102222,-0.00544543721,-114.6963667,-42.52615981,54.01435008,-1.775576449,60.96937398,
93160000,-0.006589138213,-114.7616304,-42.49263961,53.18095052,-1.779089146,58.92426321,
93217777,-0.006168629544,-114.8424254,-42.44030473,52.23637653,-1.781602545,56.88793654,
93275555,-0.01221241729,-114.9168024,-42.40423414,51.7465117,-1.788942881,54.86162419,
93333333,-0.007440342847,-115.0000828,-42.38666899,50.59668355,-1.789654527,52.87008183,
93391111,-0.008119490369,-115.0800786,-42.31658641,50.15313519,-1.794217957,50.87936129,
93448888,-0.009319316808,-115.1455073,-42.356034,49.03318624,-1.799368152,48.90412049,
93506666,-0.008150542122,-115.2491963,-42.2639917,48.51491487,-1.805578902,46.94263474,
93564444,-0.009094724849,-115.3372407,-42.19398057,47.24387512,-1.810233391,44.96094531,
93622222,-0.01036061659,-115.4063719,-42.15039474,46.42050274,-1.817977094,43.01805032,
93680000,-0.01066225269,-115.4988912,-42.09338946,45.42131772,-1.82597168,41.08583844,
93737777,-0.01127556314,-115.5707612,-41.99324958,44.2928429,-1.834098575,39.13327135,
93795555,-0.01083019053,-115.6559742,-41.91920056,43.79188446,-1.842381963,37.22056096,
93853333,-0.0116012739,-115.725113,-41.82241345,42.82182647,-1.85375707,35.30369186,
93911111,-0.01233253561,-115.810281,-41.72389231,41.83493975,-1.865610118,33.39174456,
93968888,-0.01332257625,-115.9019587,-41.59781438,40.98365227,-1.881779074,31.47651593,
94026666,-0.01422817956,-115.968898,-41.40934205,39.85277314,-1.900368318,29.57936062,
94084444,-0.01438404732,-116.0520151,-41.22750245,38.77962869,-1.924380431,27.68766174,
94142222,-0.01460387951,-116.1475921,-40.99572972,37.41766897,-1.958388527,25.79020294,
94200000,-0.01633067756,-116.2223652,-40.70378152,35.30655181,-1.998498118,23.96688277,
94257777,-0.01632546782,-116.3058531,-40.32630768,32.39375025,-2.057163041,22.20006501,
94315555,-0.01731308787,-116.3936971,-39.92459383,28.18372199,-2.128957506,20.66202366,
94373333,-0.01871999797,-116.47603,-39.72246206,21.76673059,-2.185722343,19.50998025,
94431111,-0.0203988456,-116.5679866,-40.0436368,14.08982329,-2.163265432,18.59105566,
94488888,-0.02212310827,-116.6319822,-40.922992,8.541909949,-2.062600968,17.34982756,
94546666,-0.02352318234,-116.7254766,-41.86696355,6.974647591,-1.963354448,15.56861891,
94604444,-0.02494762969,-116.8041657,-42.55636646,8.309210324,-1.905078045,13.57489685,
94662222,-0.02481122313,-116.8882312,-42.97331219,9.479864757,-1.874542237,11.58210694,
94720000,-0.02650407427,-116.9668674,-43.08591094,10.60798456,-1.86278367,9.620274162,
94777777,-0.02684223734,-117.0263781,-43.24194988,11.29488414,-1.858560794,7.694580308,
94835555,-0.02742257452,-117.1377025,-43.27364096,11.58616439,-1.860169516,5.833097347,
94893333,-0.02858312662,-117.2107186,-43.35323355,11.55314838,-1.86420417,3.989924382,
94951111,-0.02891945204,-117.2738975,-43.34287477,11.44281848,-1.869924439,2.173114445,
95008888,-0.0307676343,-117.3596069,-43.33924174,11.06051535,-1.876581864,0.3811880112,
95066666,-0.03178744123,-117.4433091,-43.26960521,10.42269711,-1.884190048,-1.389804969,
95124444,-0.03320146402,-117.5348748,-43.3106183,9.649911074,-1.892517236,-3.152676348,
95182222,-0.03385277427,-117.6082426,-43.31883292,9.149799036,-1.901311286,-4.897745953,
95240000,-0.03432984295,-117.6997633,-43.32021457,8.262093711,-1.910471994,-6.623252831,
95297777,-0.03623104459,-117.7850505,-43.30179703,7.241046041,-1.918370407,-8.348648508,
95355555,-0.03663086518,-117.8676424,-43.31460095,6.457019445,-1.928045279,-10.04773115,
95413333,-0.03880029249,-117.9457371,-43.31864896,5.452471243,-1.939028793,-11.74866013,
95471111,-0.03929491818,-118.0348795,-43.33074197,4.3526569,-1.948760856,-13.43666478,
95528888,-0.04092196488,-118.122911,-43.36625896,3.564530279,-1.959464441,-15.11005967,
95586666,-0.04147523061,-118.2041857,-43.38330341,2.566937558,-1.970385966,-16.76829547,
95644444,-0.0433154642,-118.2833163,-43.42867838,1.200724599,-1.980385639,-18.4146634,
95702222,-0.04396656223,-118.381042,-43.40877418,0.05066721668,-1.993740834,-20.05770342,
95760000,-0.04462134351,-118.455929,-43.44923416,-1.043786729,-2.003936646,-21.69480716,
95817777,-0.04563552436,-118.5367386,-43.48073169,-2.128391242,-2.016144649,-23.30933159,
95875555,-0.04772345256,-118.6122879,-43.48891153,-2.979483189,-2.028517729,-24.9181353,
95933333,-0.04912040505,-118.7083318,-43.5237345,-4.29210124,-2.04116542,-26.51766975,
95991111,-0.05032025868,-118.7978852,-43.5545815,-5.510176146,-2.054050367,-28.11033003,
96048888,-0.0521158268,-118.8696553,-43.58953097,-6.796490012,-2.066319293,-29.6740543,
96106666,-0.05323318245,-118.9431275,-43.61162724,-7.71027203,-2.079206108,-31.24115918,
96164444,-0.05385385689,-119.0163943,-43.65638772,-9.127094102,-2.091843885,-32.78019294,
96222222,-0.05600601216,-119.1108396,-43.74225485,-10.47058183,-2.104059739,-34.31206377,
96280000,-0.05574157543,-119.1776328,-43.77966139,-11.82543168,-2.11751446,-35.83142813,
96337777,-0.05746653228,-119.2760405,-43.82427767,-12.85942004,-2.129919795,-37.33763401,
96395555,-0.05755090617,-119.350262,-43.91573704,-14.64910692,-2.142784932,-38.83203964,
96453333,-0.05992503701,-119.4438614,-43.94825052,-15.28795073,-2.154303394,-40.31272891,
96511111,-0.06111748725,-119.5158229,-44.00932925,-16.93062238,-2.166240087,-41.76752419,
96568888,-0.06280300385,-119.613246,-44.09505218,-18.00371844,-2.177104927,-43.21728311,
96626666,-0.06384875641,-119.6854765,-44.1798107,-19.27459663,-2.186981296,-44.65609558,
96684444,-0.06561953967,-119.7750181,-44.22156574,-20.92424835,-2.196263725,-46.06962246,
96742222,-0.06720680581,-119.84113,-44.30788551,-21.60514585,-2.203852894,-47.47960775,
96800000,-0.06848550157,-119.9277546,-44.38810679,-23.46401097,-2.210043387,-48.86155854,
96857777,-0.07046490911,-120.0039125,-44.46392492,-24.26118183,-2.216393648,-50.22721032,
96915555,-0.0711806189,-120.1055481,-44.59658069,-26.03332501,-2.220836759,-51.59360143,
96973333,-0.07337370414,-120.1764269,-44.72665068,-26.98629224,-2.221806338,-52.93587395,
97031111,-0.07289473624,-120.2579203,-44.82517734,-28.06683285,-2.218214592,-54.25649446,
97088888,-0.07158874894,-120.3418431,-44.89519545,-29.3393971,-2.211988719,-55.57839667,
97146666,-0.06966316614,-120.4305793,-45.02383061,-30.73966639,-2.203169123,-56.88398027,
97204444,-0.06817968745,-120.5224754,-45.19287429,-32.08207847,-2.19116563,-58.16851321,
97262222,-0.06690133887,-120.5921238,-45.3181013,-32.9996876,-2.176376362,-59.47178379,
97320000,-0.06669994517,-120.6739819,-45.4467209,-34.5578419,-2.158433186,-60.74999878,
97377777,-0.06510881253,-120.7758854,-45.58539471,-35.35700325,-2.13768493,-62.03021931,
97435555,-0.06444597912,-120.8476193,-45.77002906,-36.94135507,-2.114638595,-63.28785352,
97493333,-0.06312884514,-120.940816,-45.87916092,-37.8527554,-2.086720317,-64.56161639,
97551111,-0.06268037625,-121.0162099,-46.05720223,-38.79149005,-2.05747807,-65.83320648,
97608888,-0.06173965027,-121.0981584,-46.23966829,-39.6750595,-2.023582584,-67.11569483,
97666666,-0.05997545005,-121.1770411,-46.38316333,-40.29914779,-1.987617987,-68.4030863,
97724444,-0.06016692543,-121.2632749,-46.58820305,-41.63165192,-1.947279725,-69.70121173,
97782222,-0.05818965929,-121.3391182,-46.72273515,-42.50428082,-1.906074429,-71.00906734,
97840000,-0.057521369,-121.4454896,-46.84955874,-43.10797501,-1.861572854,-72.33427892,
97897777,-0.05617012784,-121.5216184,-47.0897559,-43.42056519,-1.816514162,-73.67604949,
97955555,-0.05474359904,-121.6008784,-47.20047929,-44.24030462,-1.769099598,-75.0170288,
98013333,-0.05343146605,-121.6896856,-47.40193099,-44.5644558,-1.719913605,-76.4059969,
98071111,-0.05288126904,-121.7694186,-47.59017304,-45.02796706,-1.669953589,-77.80235962,
98128888,-0.05241497107,-121.852744,-47.82394196,-45.36905793,-1.61938212,-79.21615275,
98186666,-0.05103945685,-121.9379002,-47.98993912,-45.77727311,-1.566885559,-80.66209122,
98244444,-0.04957202656,-122.0256992,-48.08997368,-46.17650317,-1.516343325,-82.10854205,
98302222,-0.04930060272,-122.1101169,-48.2551204,-45.72676845,-1.466700693,-83.57611612,
98360000,-0.04856259728,-122.1868115,-48.32592476,-46.13592706,-1.417228948,-85.07215107,
98417777,-0.04744281585,-122.2842422,-48.46786527,-46.22038506,-1.367409232,-86.58027562,
98475555,-0.04669807121,-122.3697093,-48.6656481,-46.2411302,-1.320629674,-88.11014587,
98533333,-0.04578704987,-122.4422971,-48.65292362,-46.46862274,-1.275462779,-89.63916572,
98591111,-0.04558532878,-122.5403363,-48.87373848,-46.60020086,-1.231769204,-91.19833555,
98648888,-0.04440888026,-122.6115726,-48.86699554,-46.78974064,-1.1876873,-92.756195,
98706666,-0.04339502143,-122.7033485,-48.92735857,-46.37535923,-1.146455486,-94.3372185,
98764444,-0.04189964148,-122.7759995,-49.02211212,-46.85340056,-1.107227524,-95.93283309,
98822222,-0.03993279111,-122.8689134,-49.10697603,-47.13507046,-1.070341713,-97.52103817,
98880000,-0.04078641785,-122.9558773,-49.01937933,-46.68796563,-1.034512876,-99.11190594,
98937777,-0.0402919762,-123.0392069,-49.17776649,-47.09079504,-1.000747985,-100.7220645,
98995555,-0.03976384045,-123.1085498,-49.25164075,-47.7698427,-0.9713102646,-102.3314476,
99053333,-0.0383843723,-123.2217532,-49.28441391,-47.62233039,-0.9413816188,-103.9399257,
99111111,-0.03647400704,-123.2857032,-49.30132223,-47.82666379,-0.9135188683,-105.5618658,
99168888,-0.03643995999,-123.3874005,-49.19348272,-48.30910523,-0.8884828592,-107.1811704,
99226666,-0.03647173448,-123.4685142,-49.29767915,-48.85697156,-0.8650558126,-108.8053942,
99284444,-0.03519057463,-123.5548256,-49.39135992,-48.79944779,-0.8426547472,-110.4192941,
99342222,-0.03472754377,-123.6327008,-49.41430607,-49.58381535,-0.8223772565,-112.029928,
99400000,-0.03457970778,-123.7317017,-49.42711969,-49.90858027,-0.8037950144,-113.6544466,
99457777,-0.03357924329,-123.8289104,-49.41810572,-50.40901992,-0.7852063892,-115.2729373,
99515555,-0.0317737609,-123.9065719,-49.47398622,-50.77533283,-0.7690500781,-116.9137954,
99573333,-0.03190409897,-123.9874243,-49.42517416,-51.48924441,-0.7549562627,-118.5209823,
99631111,-0.03125737969,-124.0536158,-49.54824175,-52.71223316,-0.7409902468,-120.1311441,
99688888,-0.03133359456,-124.1528867,-49.63246629,-52.98994595,-0.7296777298,-121.7502192,
99746666,-0.03038732143,-124.2299773,-49.56905998,-53.92454063,-0.7180295995,-123.3783294,
99804444,-0.02957212514,-124.3212937,-49.69646634,-54.39307965,-0.7083200506,-124.986086,
99862222,-0.02844765822,-124.4088148,-49.77564529,-55.69982273,-0.6998115916,-126.5975345,
99920000,-0.02977257344,-124.5130566,-49.77256515,-56.37079575,-0.6924956124,-128.2075944,
99977777,-0.02830088433,-124.5899899,-49.8371583,-57.01455945,-0.6852454256,-129.8275617,
100035555,-0.02773045137,-124.6808602,-49.82556957,-58.04735159,-0.6788644926,-131.4277822,
100093333,-0.02754460714,-124.7629921,-49.93355489,-58.2274343,-0.673245147,-133.0429446,
100151111,-0.02701901493,-124.8434929,-50.11273308,-60.61082995,-0.6691306249,-134.6483981,
100208888,-0.02737095355,-124.9237221,-50.23882808,-61.83248004,-0.6658436208,-136.2404252,
100266666,-0.02741030579,-125.0114492,-50.25844374,-63.04808599,-0.6627648771,-137.8587299,
100324444,-0.02657700397,-125.1031368,-50.31822271,-63.34004109,-0.6605008268,-139.4781148,
100382222,-0.02490666634,-125.1850827,-50.46247298,-64.80434162,-0.658606029,-141.0801054,
100440000,-0.02500268278,-125.2801999,-50.53098889,-66.404424,-0.6581481599,-142.6816156,
100497777,-0.02527387136,-125.3615876,-50.58015413,-67.37282566,-0.6559603123,-144.2912094,
100555555,-0.02318735676,-125.4388141,-50.73601757,-69.23030877,-0.6566943539,-145.8957178,
100613333,-0.02413333,-125.5364081,-51.00481612,-69.87678638,-0.6565400529,-147.5102814,
100671111,-0.02420641724,-125.6230827,-51.04670442,-71.19323799,-0.6590036198,-149.1233004,
100728888,-0.02369578114,-125.7098498,-51.25462583,-72.7749356,-0.6612981528,-150.7245682,
100786666,-0.02333040134,-125.7914561,-51.41082384,-74.53520822,-0.6634404065,-152.3418486,
100844444,-0.02307821615,-125.871551,-51.46000454,-76.31769066,-0.6644579743,-153.948705,
100902222,-0.02348841605,-125.9574488,-51.77887934,-78.06843075,-0.6681601832,-155.567821,
100960000,-0.02194988763,-126.0602697,-51.95968908,-78.82964344,-0.670970318,-157.1889869,
101017777,-0.0218256224,-126.1446086,-52.17380412,-80.41608418,-0.6754613716,-158.8120796,
101075555,-0.02168653685,-126.2301197,-52.37475867,-82.49342901,-0.6803257779,-160.4370067,
101133333,-0.02092569999,-126.3360404,-52.73385158,-84.26879988,-0.6842330507,-162.0643608,
101191111,-0.0208102464,-126.4131225,-52.98188296,-86.72075653,-0.6888871743,-163.7010605,
101248888,-0.02119108794,-126.5043812,-53.20339562,-88.75388737,-0.6941667495,-165.3505033,
101306666,-0.02275901211,-126.5971147,-53.57636326,-90.10842041,-0.6996433907,-166.9931765,
101364444,-0.02187862872,-126.6795911,-53.95931143,-93.24947327,-0.7051680492,-168.6413381,
101422222,-0.02234735324,-126.7767696,-54.20549185,-96.24802431,-0.7115573743,-170.3135043,
101480000,-0.02159396839,-126.8615389,-54.60438411,-99.71159759,-0.717834018,-171.9911658,
101537777,-0.02154752722,-126.9293222,-55.13387427,-101.8518878,-0.7257435154,-173.6668497,
101595555,-0.02088820629,-127.0359284,-55.22141304,-106.2928131,-0.7328023712,-175.3607499,
101653333,-0.02157622893,-127.1249967,-55.79137956,-110.4554019,-0.7410117691,-177.0484477,
101711111,-0.02076617389,-127.2015419,-56.29226407,-114.3919618,-0.7477101977,-178.7562265,
101768888,-0.02045694331,-127.2888747,-56.91070131,-119.6367943,-0.7571535293,179.5321872,
101826666,-0.02110634152,-127.3817535,-57.14500987,-126.6826282,-0.7646814054,177.8037984,
101884444,-0.02168185068,-127.4834293,-57.88314487,-132.5598687,-0.7728867187,176.0590422,
101942222,-0.02148027102,-127.5572801,-58.10099785,-141.6336366,-0.7830885365,174.3309444,
102000000,-0.02202954069,-127.6442964,-58.24140705,-145.9500825,-0.7929195101,172.5841195,
102057777,-0.02168861132,-127.7297666,-58.80460045,-159.6745192,-0.8023139928,170.7946672,
102115555,-0.02265308181,-127.8195216,-58.57602784,-170.8532602,-0.8119900589,168.9958394,
102173333,-0.02281815866,-127.9075963,-58.47359391,178.7905668,-0.8218911232,167.1939628,
102231111,-0.02304598964,-127.9943691,-58.17990664,170.0891782,-0.832630831,165.3669592,
102288888,-0.02278120812,-128.1027132,-57.53745733,161.1453899,-0.8429218435,163.5245219,
102346666,-0.02235131465,-128.1944682,-56.84229989,152.2016295,-0.8544511873,161.6580997,
102404444,-0.02343398295,-128.28416,-55.84630692,146.0038934,-0.8665832268,159.7805968,
102462222,-0.02396131652,-128.3584939,-55.01585732,138.7716455,-0.8780427298,157.8848225,
102520000,-0.02430947573,-128.4537862,-54.28266872,132.5601742,-0.8906868581,155.9734195,
102577777,-0.02563505737,-128.5465288,-53.4352036,126.7425416,-0.9029260324,154.0214096,
102635555,-0.02522272426,-128.6313749,-52.47549417,123.4648662,-0.9165100763,152.0393823,
102693333,-0.02620282304,-128.7208263,-51.66841845,119.0210245,-0.9304924908,150.0444306,
102751111,-0.02658510791,-128.8034915,-50.80836879,115.5277445,-0.9440640064,148.0097659,
102808888,-0.02719027289,-128.8915846,-50.15275463,112.4459032,-0.9590696748,145.9471383,
102866666,-0.02769303352,-129.0073503,-49.35903829,109.1661727,-0.9730744931,143.877736,
102924444,-0.02729301314,-129.0962397,-48.68189872,106.5262433,-0.9890304796,141.7411324,
102982222,-0.02712777924,-129.1889139,-47.83747467,104.2674814,-1.004916375,139.5881467,
103040000,-0.0289485076,-129.2773909,-47.25497355,100.9959657,-1.022239856,137.3898606,
103097777,-0.02945170789,-129.363489,-46.46430539,98.55227444,-1.037998314,135.1478188,
103155555,-0.02923014005,-129.4546086,-45.84874266,96.11921045,-1.056597184,132.8524804,
103213333,-0.02955783585,-129.5480781,-45.14839045,94.04914186,-1.07581495,130.5210267,
103271111,-0.03071522701,-129.6459288,-44.46731371,91.80990158,-1.095017843,128.1371717,
103328888,-0.03212012074,-129.7298842,-43.85464115,89.2286698,-1.116012991,125.6965743,
103386666,-0.03255627739,-129.8301066,-43.25626443,87.10634351,-1.13572904,123.1996914,
103444444,-0.03333968343,-129.9090252,-42.68685457,85.15867424,-1.158247188,120.6419996,
103502222,-0.0334222824,-130.0196023,-42.02735372,83.02163346,-1.181223912,118.0028288,
103560000,-0.03580894408,-130.1026501,-41.40535867,80.98526893,-1.206339732,115.3026136,
103617777,-0.03651457311,-130.1936411,-40.80614202,78.82309459,-1.232365788,112.5276728,
103675555,-0.03813104685,-130.2651695,-40.26039877,76.72736283,-1.260223609,109.6607963,
103733333,-0.03749881263,-130.3675786,-39.68407902,74.46022394,-1.287656355,106.74338,
103791111,-0.03916218357,-130.4504925,-39.12133973,72.26019582,-1.319477685,103.6882608,
103848888,-0.04015585335,-130.5510306,-38.55855915,70.20893178,-1.352047601,100.5446939,
103906666,-0.04243251177,-130.6363995,-37.98178382,67.86346535,-1.387147785,97.29474259,
103964444,-0.04197847191,-130.7283278,-37.41912668,65.72836734,-1.423892564,93.92955572,
104022222,-0.04412594243,-130.8381662,-36.86249223,63.29021214,-1.462939855,90.42357511,
104080000,-0.04473974181,-130.9287576,-36.31530211,60.81353473,-1.504554796,86.77856616,
104137777,-0.04614054847,-131.0087701,-35.72721754,58.53356204,-1.550833158,82.99727435,
104195555,-0.04650698593,-131.1160859,-35.20099893,56.07749899,-1.600721231,79.0397682,
104253333,-0.04748724752,-131.2126681,-34.64171369,53.51993958,-1.651689615,74.92608869,
104311111,-0.04993816227,-131.3058624,-34.12357189,50.78190782,-1.706910179,70.63143966,
104368888,-0.05183491882,-131.3957676,-33.59358273,48.07707008,-1.768897269,66.11464999,
104426666,-0.05295937825,-131.4769548,-33.05476879,45.16486819,-1.835127774,61.40835962,
104484444,-0.05407558206,-131.5711629,-32.53114633,42.24297332,-1.904782488,56.4396769,
104542222,-0.05601291998,-131.6694949,-32.02581878,39.39635114,-1.980488054,51.27385618,
104600000,-0.05926026194,-131.7578584,-31.50546138,36.20155029,-2.061739896,45.82306081,
104657777,-0.05938067824,-131.8410689,-31.01095421,33.00097235,-2.145837679,40.11289777,
104715555,-0.06225287835,-131.9402897,-30.52740132,29.60536409,-2.239332185,34.08972964,
104773333,-0.0632131384,-132.0296508,-30.05916546,26.1284213,-2.334642733,27.78985653,
104831111,-0.06805015686,-132.1312682,-29.59562791,22.56545435,-2.435855682,21.17161102,
104888888,-0.06945031362,-132.2079282,-29.15339754,18.8803967,-2.537178765,14.34410687,
104946666,-0.0719742932,-132.3036958,-28.73845097,15.0527693,-2.644596079,7.108385842,
105004444,-0.07239552714,-132.3812173,-28.32759823,11.17405094,-2.751573183,-0.4245882822,
105062222,-0.07404426302,-132.492584,-27.9545669,7.143606198,-2.85570833,-8.247673481,
105120000,-0.07571957208,-132.5843136,-27.60443966,3.002470099,-2.956234149,-16.32379541,
105177777,-0.08021434,-132.6677111,-27.28067643,-1.116333638,-3.048692335,-24.64001226,
105235555,-0.07998401946,-132.7456717,-26.98296342,-5.368227301,-3.132091693,-33.13704387,
105293333,-0.08389795992,-132.8476284,-26.71015852,-9.639565509,-3.203538488,-41.76715201,
105351111,-0.08469460592,-132.9289453,-26.47826504,-13.89631344,-3.26104368,-50.48882392,
105408888,-0.08620821838,-133.0388239,-26.26539335,-18.19061207,-3.301734374,-59.21249025,
105466666,-0.0898447217,-133.0946655,-26.08997232,-22.49439239,-3.329379421,-67.90854413,
105524444,-0.09087691383,-133.1815796,-25.93701279,-26.60341121,-3.336823816,-76.48102608,
105582222,-0.09484802112,-133.2832154,-25.81794854,-30.80808272,-3.330985321,-84.92064709,
105640000,-0.09554126214,-133.363864,-25.71607354,-34.84978373,-3.312407163,-93.14936903,
105697777,-0.09957184783,-133.443021,-25.6305505,-38.88885859,-3.281675744,-101.1556388,
105755555,-0.09954921549,-133.5329148,-25.56123372,-42.77897628,-3.240390628,-108.9012982,
105813333,-0.1007984269,-133.6342787,-25.52273127,-46.64019352,-3.196291744,-116.3705073,
105871111,-0.1032500918,-133.7035953,-25.49399591,-50.46609977,-3.146583819,-123.5424812,
105928888,-0.1047329162,-133.7960758,-25.48967437,-54.18405922,-3.09842648,-130.4363473,
105986666,-0.1061582018,-133.8804159,-25.49392135,-57.81772712,-3.052269922,-137.0467636,
106044444,-0.1071352758,-133.9602988,-25.52240501,-61.35823779,-3.01088434,-143.3652592,
106102222,-0.1084813851,-134.039303,-25.56587398,-64.76988535,-2.977287435,-149.3803446,
106160000,-0.1107043972,-134.1369835,-25.62113647,-68.10363237,-2.951857631,-155.1462232,
106217777,-0.1118388837,-134.2221434,-25.70033321,-71.34169594,-2.934619789,-160.6015548,
106275555,-0.1143087088,-134.3058586,-25.79280782,-74.47055546,-2.925281,-165.7903994,
106333333,-0.1152827288,-134.4141388,-25.8886422,-77.34081681,-2.921923114,-170.7066989,
106391111,-0.1153940353,-134.4947479,-26.00149526,-80.18401447,-2.92154829,-175.3566929,
106448888,-0.1170735517,-134.585541,-26.10681268,-82.74944075,-2.923549819,-179.7785974,
106506666,-0.1169004535,-134.6812816,-26.22958285,-85.14955269,-2.92478031,176.0445014,
106564444,-0.1189248537,-134.765251,-26.33168938,-87.52956277,-2.926745914,172.0515568,
106622222,-0.120661081,-134.8677792,-26.43165327,-89.6521804,-2.926290346,168.2462941,
106680000,-0.1214501689,-134.9482726,-26.52396014,-91.72588761,-2.923849111,164.5986237,
106737777,-0.1220477548,-135.0440394,-26.61623152,-93.75452559,-2.920000563,161.0932674,
106795555,-0.1231855133,-135.120864,-26.70079066,-95.67483735,-2.9142947,157.6890545,
106853333,-0.125871138,-135.2249809,-26.76916997,-97.50495385,-2.908276472,154.4292684,
106911111,-0.1259567175,-135.3261711,-26.83529644,-99.26865236,-2.90227216,151.2537653,
106968888,-0.1288457082,-135.4212857,-26.89428536,-101.0804616,-2.894578993,148.1582753,
107026666,-0.1284450975,-135.5130689,-26.94666869,-102.7393745,-2.888771286,145.1545005,
107084444,-0.1303211392,-135.6057406,-26.98620981,-104.4318475,-2.881539738,142.2403289,
107142222,-0.1335601507,-135.7056014,-27.03113351,-106.0141862,-2.875184203,139.3766525,
107200000,-0.1329079501,-135.7920626,-27.06474851,-107.7040442,-2.868637814,136.5881415,
107257777,-0.1350503267,-135.8816668,-27.09873924,-109.2702276,-2.864053755,133.8488534,
107315555,-0.1370070264,-135.9682419,-27.13073268,-110.8750501,-2.858950564,131.176095,
107373333,-0.1392675527,-136.0695809,-27.14809568,-112.3566633,-2.854019757,128.5581855,
107431111,-0.1405695284,-136.1653662,-27.15787376,-113.8771075,-2.851698491,125.9913383,
107488888,-0.1413263694,-136.270559,-27.17886557,-115.4093723,-2.847066554,123.4585349,
107546666,-0.1429380227,-136.3586003,-27.19430218,-116.9240167,-2.846028008,120.965162,
107604444,-0.1442240722,-136.4554648,-27.20284138,-118.4016917,-2.84470577,118.5045659,
107662222,-0.1451980477,-136.5541221,-27.21145679,-119.8544328,-2.843892961,116.0962339,
107720000,-0.1478257255,-136.6542382,-27.21345225,-121.3412311,-2.842372291,113.7101947,
107777777,-0.1494611244,-136.7439985,-27.21903908,-122.7722462,-2.843847967,111.3612634,
107835555,-0.1505978331,-136.8340318,-27.21372366,-124.2393774,-2.844951795,109.049187,
107893333,-0.152708051,-136.9319779,-27.20441127,-125.650971,-2.845787454,106.7505752,
107951111,-0.1533684922,-137.0416493,-27.20237483,-127.1456453,-2.847240751,104.4936557,
108008888,-0.15556177,-137.1484637,-27.18760209,-128.5270718,-2.849397371,102.2518249,
108066666,-0.1561800186,-137.2273495,-27.18060244,-129.8851195,-2.853109168,100.039113,
108124444,-0.1573546089,-137.3495029,-27.16939786,-131.2864211,-2.855786762,97.82119308,
108182222,-0.1592654607,-137.4413197,-27.15524772,-132.7067088,-2.859057994,95.65497837,
108240000,-0.1608789084,-137.5449447,-27.13109118,-134.057806,-2.862008394,93.49792901,
108297777,-0.1630741595,-137.6354033,-27.11485791,-135.4598248,-2.866298842,91.35420133,
108355555,-0.1655630569,-137.7357926,-27.09788701,-136.8494466,-2.87161763,89.21610922,
108413333,-0.1664851938,-137.8415723,-27.07559931,-138.1841825,-2.874582161,87.10918728,
108471111,-0.1691976591,-137.9439097,-27.05276067,-139.6080651,-2.877951671,85.00679071,
108528888,-0.1719388021,-138.048159,-27.01644796,-140.9515993,-2.881464384,82.9330763,
108586666,-0.1726570599,-138.147933,-26.99048518,-142.3059424,-2.889088055,80.85609979,
108644444,-0.1739365809,-138.2597733,-26.95043862,-143.6961725,-2.891750701,78.7961001,
108702222,-0.1774133015,-138.3569417,-26.93058917,-145.004746,-2.896978859,76.7439854,
108760000,-0.1765861926,-138.4726939,-26.89626014,-146.354323,-2.901856538,74.70981884,
108817777,-0.1792452511,-138.5607381,-26.86456448,-147.7492799,-2.905902534,72.67601312,
108875555,-0.1810920811,-138.6660471,-26.82569419,-149.0663904,-2.911363781,70.67200367,
108933333,-0.1842949165,-138.7769609,-26.78910049,-150.48393,-2.915321029,68.64611962,
108991111,-0.1836717729,-138.8869095,-26.75218602,-151.8136368,-2.921807019,66.62573739,
109048888,-0.1850248912,-138.997591,-26.70949848,-153.1439954,-2.920583002,64.63485001,
109106666,-0.1845155701,-139.1002821,-26.66859058,-154.5732911,-2.922119337,62.64528284,
109164444,-0.182461904,-139.2063273,-26.62704387,-155.798419,-2.921002176,60.6649371,
109222222,-0.1832368548,-139.3097685,-26.57825822,-157.2028084,-2.921029868,58.68256785,
109280000,-0.1838902566,-139.4207503,-26.52450552,-158.5436325,-2.919724145,56.68984933,
109337777,-0.1826194196,-139.5641876,-26.47727003,-159.976672,-2.919729683,54.74036238,
109395555,-0.1819509242,-139.6573965,-26.42472262,-161.3598832,-2.919896682,52.76791088,
109453333,-0.1823707502,-139.7698115,-26.38216683,-162.6477041,-2.918153296,50.80650958,
109511111,-0.1820309698,-139.8684579,-26.32414247,-164.065851,-2.917858603,48.84311142,
109568888,-0.181552517,-139.9807267,-26.27086448,-165.4238559,-2.915660193,46.88548495,
109626666,-0.1803016005,-140.1150057,-26.21432232,-166.8288187,-2.914024606,44.94065023,
109684444,-0.1817987991,-140.2385894,-26.15949466,-168.2095845,-2.912051922,42.98763078,
109742222,-0.18127488,-140.3433118,-26.10012417,-169.6985116,-2.909785767,41.04081811,
109800000,-0.1815710662,-140.4920886,-26.03869506,-171.1147769,-2.905538145,39.10485092,
109857777,-0.1797899496,-140.6053041,-25.98888803,-172.5931016,-2.903564617,37.14617041,
109915555,-0.1818540803,-140.7331692,-25.92261487,-173.9611139,-2.900001662,35.22336266,
109973333,-0.1836936439,-140.8413175,-25.86418544,-175.3457223,-2.895345667,33.28061837,
110031111,-0.1830206107,-140.9678269,-25.80398009,-176.8831377,-2.89087419,31.33277263,
110088888,-0.1839180551,-141.1020792,-25.7445542,-178.3025171,-2.885655619,29.40409478,
110146666,-0.1847091602,-141.2176209,-25.67422006,-179.7982262,-2.879864972,27.47394281,
110204444,-0.1864307719,-141.3483209,-25.61806579,178.6424268,-2.873941062,25.53145566,
110262222,-0.1870257396,-141.4710374,-25.55384545,177.1519634,-2.866901471,23.6036056,
110320000,-0.1888161124,-141.6091139,-25.4862862,175.6019152,-2.859644991,21.67080026,
110377777,-0.1910818902,-141.7188188,-25.42023952,174.077637,-2.851313243,19.74089388,
110435555,-0.1928221015,-141.8502566,-25.35499861,172.4792742,-2.841356099,17.81741518,
110493333,-0.194603298,-141.9808123,-25.29493109,170.9281902,-2.831824248,15.87965417,
110551111,-0.1976207267,-142.1053977,-25.22927996,169.2692139,-2.822250232,13.9401396,
110608888,-0.2000237986,-142.2418533,-25.16291385,167.627156,-2.809019291,12.00136448,
110666666,-0.2018181455,-142.3823777,-25.09449288,165.9373519,-2.795488194,10.07222718,
110724444,-0.2048657124,-142.5050126,-25.03649935,164.2519041,-2.780960781,8.128368704,
110782222,-0.2082500552,-142.6550737,-24.97381828,162.5001629,-2.768219107,6.190401367,
110840000,-0.2111848883,-142.8015478,-24.90667103,160.7186575,-2.750480275,4.231882383,
110897777,-0.2162864469,-142.9544264,-24.8495258,158.8832128,-2.732363867,2.297154854,
110955555,-0.2203169138,-143.0880875,-24.79685992,157.0200978,-2.712756454,0.3443888971,
111013333,-0.2260702189,-143.2325692,-24.73512401,155.0829038,-2.693102972,-1.599596152,
111071111,-0.2304781019,-143.389869,-24.68509699,153.1504215,-2.668996698,-3.553666553,
111128888,-0.2364646857,-143.5423166,-24.64068995,151.0986817,-2.64481604,-5.520139102,
111186666,-0.2424765224,-143.7027012,-24.59350565,149.0401112,-2.616320834,-7.484735868,
111244444,-0.2484945663,-143.8549047,-24.54974413,146.8749846,-2.586646602,-9.464876624,
111302222,-0.2569431312,-144.0070724,-24.51042619,144.6074517,-2.555076468,-11.43061292,
111360000,-0.2658737171,-144.1557843,-24.48267057,142.2825089,-2.519581661,-13.43506284,
111417777,-0.2764597438,-144.3228704,-24.46364297,139.8054736,-2.482091267,-15.42593734,
111475555,-0.2859318971,-144.4763551,-24.45046283,137.3165273,-2.438942693,-17.43925043,
111533333,-0.2988262692,-144.6451123,-24.446821,134.6503734,-2.393260497,-19.45366293,
111591111,-0.3118237666,-144.7958804,-24.46582275,131.7523411,-2.343978963,-21.5083549,
111648888,-0.3276152634,-144.9794628,-24.49855183,128.6630656,-2.289285766,-23.56757822,
111706666,-0.344663776,-145.1580885,-24.55155331,125.4275203,-2.227319768,-25.65525929,
111764444,-0.3646695506,-145.3401857,-24.63740201,121.8062607,-2.161256768,-27.79342573,
111822222,-0.3871970294,-145.5165111,-24.76324204,117.8930698,-2.087468502,-29.96674279,
111880000,-0.4183996454,-145.686172,-24.93826681,113.5437266,-2.005140333,-32.18693676,
111937777,-0.4490415401,-145.8350492,-25.19191594,108.6450441,-1.915637835,-34.4705566,
111995555,-0.4883204786,-145.9649201,-25.5630957,102.9930667,-1.814503856,-36.84315973,
112053333,-0.5343904372,-146.0388114,-26.11344664,96.42489668,-1.707267514,-39.35032378,
112111111,-0.586872116,-146.0337164,-26.95679348,88.7531294,-1.593703768,-42.03970982,
112168888,-0.6412213189,-145.9010731,-28.32581343,79.82594906,-1.483584662,-44.97462297,
112226666,-0.6839328737,-145.5883193,-30.66125009,70.20048539,-1.396042158,-48.151104,
112284444,-0.6930167019,-145.1323987,-34.83292092,63.74848088,-1.356903473,-51.5048999,
112342222,-0.6560654269,-144.7083594,-42.14514353,84.18842679,-1.370470024,-54.7704262,
112400000,-0.5947467939,-144.556725,-40.52136332,150.0541584,-1.407970908,-57.75172175,
112457777,-0.5390729652,-144.6347424,-36.02961503,158.1978573,-1.424082786,-60.49694588,
112515555,-0.5068546386,-144.8757971,-34.14413919,155.4861726,-1.408205965,-63.21784715,
112573333,-0.492714258,-145.1466529,-33.58108069,153.0652463,-1.367292788,-66.06368071,
112631111,-0.4969440243,-145.3803707,-33.67261356,153.517301,-1.316293571,-69.11682563,
112688888,-0.5061535849,-145.5803655,-34.03025838,158.2919346,-1.268120216,-72.36551486,
112746666,-0.5186845755,-145.7371522,-34.16679828,167.1970693,-1.230837422,-75.81597101,
112804444,-0.5350826344,-145.8453931,-33.57095506,178.6503221,-1.21303993,-79.44789495,
112862222,-0.549210694,-145.9033493,-32.18847186,-171.3854436,-1.21805016,-83.21517249,
112920000,-0.5601375273,-145.9469092,-30.41126807,-165.3972461,-1.254614201,-87.09752557,
112977777,-0.5676405752,-145.9637293,-28.59615739,-163.0112758,-1.319939795,-91.03740255,
113035555,-0.5707325115,-145.9728495,-26.92102317,-163.2982405,-1.415050093,-95.02471711,
113093333,-0.571639836,-145.988833,-25.43186903,-165.2290931,-1.541117963,-98.99264907,
113151111,-0.5681774858,-146.019368,-24.13431504,-168.2848076,-1.693576663,-102.9419806,
113208888,-0.5607189587,-146.0681452,-23.00051502,-171.9614708,-1.868402989,-106.810936,
113266666,-0.5564518042,-146.1383737,-22.02190403,-176.0619603,-2.064690409,-110.5985052,
113324444,-0.5474260796,-146.206123,-21.14971512,179.7494281,-2.272409231,-114.3147448,
113382222,-0.5388263901,-146.3128457,-20.39139224,175.3962258,-2.492465014,-117.9378019,
113440000,-0.5316207432,-146.442213,-19.71745953,171.0439314,-2.717490133,-121.5028296,
113497777,-0.5261188236,-146.5888859,-19.1172304,166.7567422,-2.948472861,-125.0050444,
113555555,-0.5229084275,-146.7306516,-18.57903413,162.5749845,-3.180709117,-128.4623822,
113613333,-0.5218642298,-146.9094427,-18.08584728,158.3989732,-3.413846598,-131.8974556,
113671111,-0.5232367264,-147.1104352,-17.63648366,154.3194724,-3.646227695,-135.3456786,
113728888,-0.5265064087,-147.280794,-17.22158188,150.3334912,-3.876599926,-138.8030292,
113786666,-0.5321173478,-147.4625065,-16.83629471,146.4376827,-4.105826503,-142.31675,
113844444,-0.5409378496,-147.6405259,-16.47001893,142.5940459,-4.335630704,-145.8669896,
113902222,-0.5510996525,-147.8411603,-16.12579615,138.757397,-4.565386501,-149.509539,
113960000,-0.5642913188,-148.0285333,-15.80089786,135.027283,-4.796738292,-153.2528097,
114017777,-0.5816954699,-148.2212049,-15.48989004,131.2622647,-5.02961174,-157.1171654,
114075555,-0.600466313,-148.4261833,-15.19053145,127.5417635,-5.266401146,-161.110973,
114133333,-0.6214194022,-148.6023461,-14.90213923,123.8761981,-5.506754234,-165.2685164,
114191111,-0.6435186561,-148.7763445,-14.62361565,120.1620437,-5.753272484,-169.608455,
114248888,-0.6694009689,-148.9435051,-14.35810306,116.4537254,-6.00865146,-174.1231879,
114306666,-0.6983615038,-149.0848298,-14.10197439,112.7170103,-6.271894057,-178.8509695,
114364444,-0.729802632,-149.2064043,-13.85595655,108.9861995,-6.543930363,176.1781426,
114422222,-0.7617033082,-149.3266621,-13.61881785,105.1929317,-6.827547087,170.9499474,
114480000,-0.7962823541,-149.4272439,-13.39256376,101.3678688,-7.11964953,165.4530932,
114537777,-0.8322557326,-149.4970908,-13.1803422,97.47670492,-7.423727045,159.6530284,
114595555,-0.8705522058,-149.5522949,-12.97902282,93.53200324,-7.736804826,153.5464559,
114653333,-0.9082485627,-149.5641857,-12.78953182,89.57578221,-8.060153556,147.0577613,
114711111,-0.9459640484,-149.5592276,-12.61943649,85.5343746,-8.391563436,140.2254592,
114768888,-0.9858470084,-149.5335752,-12.46091427,81.44031136,-8.723534672,133.0203512,
114826666,-1.023223312,-149.4612063,-12.3229832,77.32306968,-9.057295301,125.4165818,
114884444,-1.060699962,-149.3424957,-12.20469081,73.13044119,-9.38424018,117.4267367,
114942222,-1.093526688,-149.2072944,-12.10464363,68.92573833,-9.696120999,109.0582261,
115000000,-1.122425336,-149.0382226,-12.02790911,64.67798764,-9.987740608,100.3311245,
115057777,-1.147895349,-148.843179,-11.97172637,60.41784884,-10.24555928,91.30597784,
115115555,-1.169492474,-148.6366603,-11.94458129,56.13312443,-10.46854549,82.024459,
115173333,-1.183028245,-148.3974583,-11.93706018,51.88000752,-10.64546207,72.59996046,
115231111,-1.192851777,-148.1483078,-11.95423933,47.63123338,-10.77532455,63.10937182,
115288888,-1.196881062,-147.9049393,-11.99645874,43.43511277,-10.85672849,53.68621368,
115346666,-1.191689786,-147.6562598,-12.06195553,39.25856576,-10.89247421,44.39581485,
115404444,-1.184666387,-147.4179925,-12.15150853,35.16130255,-10.88807684,35.34865267,
115462222,-1.170535591,-147.1961574,-12.26084888,31.11816251,-10.85440209,26.61990622,
115520000,-1.152718264,-146.9949359,-12.39230056,27.17978627,-10.79410691,18.258531,
115577777,-1.129761836,-146.7848461,-12.54437555,23.36852653,-10.72383477,10.30875762,
115635555,-1.103340366,-146.6197277,-12.71336407,19.63940868,-10.64554711,2.756847197,
115693333,-1.074716716,-146.4829153,-12.899121,15.9945243,-10.56932422,-4.3879125,
115751111,-1.044711337,-146.3605536,-13.09977043,12.49141163,-10.49747093,-11.0784343,
115808888,-1.013485557,-146.2648313,-13.30949465,9.112858184,-10.43714967,-17.42939017,
115866666,-0.9808312409,-146.2164391,-13.53381591,5.825949411,-10.38872453,-23.36630517,
115924444,-0.9481409826,-146.1925183,-13.76916562,2.685961647,-10.35784797,-28.93793103,
115982222,-0.9151557378,-146.1866546,-14.01127801,-0.3330578947,-10.34366514,-34.18824566,
116040000,-0.8831504871,-146.1959086,-14.26237567,-3.229650493,-10.34837759,-39.08886338,
116097777,-0.8537953236,-146.2239158,-14.51532026,-6.00679268,-10.36769107,-43.69263061,
116155555,-0.8224265845,-146.265331,-14.77476146,-8.678914116,-10.40583418,-48.01761943,
116213333,-0.7958685881,-146.3308654,-15.03696671,-11.23264079,-10.46380886,-52.04002507,
116271111,-0.7673422934,-146.4106529,-15.30203459,-13.63180123,-10.53724179,-55.81270451,
116328888,-0.7407915762,-146.494087,-15.57318712,-15.93554945,-10.6332462,-59.31971109,
116386666,-0.7170910417,-146.6026769,-15.84060421,-18.15607685,-10.74258085,-62.58813645,
116444444,-0.6935705747,-146.6913755,-16.11536591,-20.23929996,-10.86954601,-65.58032211,
116502222,-0.6712959226,-146.8388958,-16.38374643,-22.20553459,-11.01128172,-68.32963415,
116560000,-0.6508361949,-146.9679126,-16.65589464,-24.09099001,-11.16655414,-70.84052282,
116617777,-0.6316741817,-147.1133887,-16.92667214,-25.84561321,-11.33791479,-73.08911408,
116675555,-0.6140222866,-147.2531776,-17.19292586,-27.46028505,-11.51810186,-75.06883738,
116733333,-0.5963358213,-147.3997301,-17.45570838,-29.04096427,-11.70602664,-76.80750471,
116791111,-0.5816787315,-147.5628835,-17.71925971,-30.47843474,-11.90458033,-78.27169514,
116848888,-0.5677638395,-147.7096193,-17.97423236,-31.8306772,-12.10295349,-79.45762316,
116906666,-0.5519343503,-147.8685118,-18.22562611,-33.01639134,-12.30567995,-80.34826982,
116964444,-0.5407790346,-148.0315553,-18.47504074,-34.143018,-12.49930744,-80.94020133,
117022222,-0.5292496863,-148.1934756,-18.71590405,-35.18076044,-12.68915877,-81.23648043,
117080000,-0.5185340482,-148.35877,-18.94645488,-36.06885151,-12.86008075,-81.24993459,
117137777,-0.5096064569,-148.506708,-19.17133766,-36.88580315,-13.0090674,-80.97004625,
117195555,-0.5001532073,-148.6780095,-19.38715299,-37.57662218,-13.13205754,-80.38943422,
117253333,-0.4948525794,-148.8354151,-19.58983244,-38.20243265,-13.21746284,-79.57608251,
117311111,-0.4872965196,-149.0063822,-19.77818352,-38.70750998,-13.26288482,-78.53615484,
117368888,-0.4804977724,-149.1767639,-19.95432994,-39.12560564,-13.2591532,-77.33593232,
117426666,-0.4775452005,-149.3421567,-20.12382344,-39.49650577,-13.20014479,-76.05005462,
117484444,-0.4720080883,-149.4968139,-20.26711518,-39.75260924,-13.09468269,-74.71837096,
117542222,-0.4670893929,-149.6754216,-20.39573384,-39.95581153,-12.93053509,-73.44698133,
117600000,-0.4607713894,-149.8242888,-20.51069592,-40.08528525,-12.72123786,-72.25328734,
117657777,-0.4591861292,-149.9984091,-20.60338423,-40.1751104,-12.46725622,-71.17456196,
117715555,-0.4585671597,-150.1505712,-20.6811388,-40.28571068,-12.17574758,-70.31372565,
117773333,-0.4572119035,-150.3177077,-20.72775945,-40.31688947,-11.85037732,-69.64306371,
117831111,-0.4557524005,-150.4920864,-20.76746113,-40.32219654,-11.50270135,-69.2044702,
117888888,-0.4552702482,-150.6600907,-20.7823557,-40.40597552,-11.13964844,-69.02479952,
117946666,-0.4547440443,-150.8286582,-20.78314066,-40.41047714,-10.76260706,-69.04735824,
118004444,-0.4562566064,-150.9963435,-20.75574643,-40.50466966,-10.37856662,-69.31579167,
118062222,-0.4563996646,-151.1549038,-20.71667964,-40.60545595,-9.994578279,-69.78656796,
118120000,-0.4578339782,-151.318473,-20.65447046,-40.77135161,-9.609706315,-70.47957077,
118177777,-0.4598877827,-151.4832436,-20.58158861,-41.02589893,-9.233101932,-71.35203918,
118235555,-0.4628653801,-151.6390834,-20.49702092,-41.31701861,-8.862158083,-72.40783158,
118293333,-0.4655367195,-151.7786558,-20.39589395,-41.62421825,-8.500387405,-73.60579357,
118351111,-0.4682326069,-151.9420132,-20.28544745,-42.09411556,-8.150726051,-74.94220632,
118408888,-0.4717041981,-152.1048236,-20.15723557,-42.57716925,-7.810585547,-76.41249476,
118466666,-0.4774154427,-152.256075,-20.02849392,-43.17342511,-7.484618987,-77.98561034,
118524444,-0.4798284242,-152.4159358,-19.89155865,-43.84713743,-7.172604773,-79.66956146,
118582222,-0.4871663529,-152.5603569,-19.75199579,-44.61211846,-6.872527101,-81.44356348,
118640000,-0.4913080516,-152.7159099,-19.60584727,-45.44245661,-6.588546098,-83.28412934,
118697777,-0.4965072841,-152.8642799,-19.45692075,-46.31760816,-6.317410158,-85.20124485,
118755555,-0.5023739965,-153.0096453,-19.30303251,-47.33626161,-6.06007671,-87.17394539,
118813333,-0.5104511733,-153.154965,-19.14808383,-48.36185711,-5.81460366,-89.1981708,
118871111,-0.5140946656,-153.3091608,-18.99492414,-49.48594854,-5.58504199,-91.26735323,
118928888,-0.5227059641,-153.4744234,-18.83918894,-50.67811184,-5.365672375,-93.36756807,
118986666,-0.5289056808,-153.6154435,-18.68786869,-51.93572022,-5.160982163,-95.54112323,
119044444,-0.5362216062,-153.7686736,-18.52914852,-53.22777507,-4.966548346,-97.71264587,
119102222,-0.544129658,-153.919531,-18.37836791,-54.52714713,-4.785966026,-99.89476515,
119160000,-0.5527081582,-154.0513457,-18.22282878,-55.95358737,-4.614976294,-102.1178268,
119217777,-0.5609064635,-154.187001,-18.07160195,-57.37951161,-4.455822543,-104.3691341,
119275555,-0.5682367901,-154.3317164,-17.91501376,-58.88251002,-4.308194111,-106.6171932,
119333333,-0.5775163416,-154.4812458,-17.76773464,-60.4329779,-4.171263667,-108.8847991,
119391111,-0.5874494919,-154.6352289,-17.6207689,-61.98676042,-4.045467373,-111.15887,
119448888,-0.5970791789,-154.7894974,-17.47220658,-63.57112117,-3.928263584,-113.4337996,
119506666,-0.6071738599,-154.9003827,-17.32486784,-65.19923802,-3.823045588,-115.7060835,
119564444,-0.6174143007,-155.0299654,-17.1793588,-66.83167545,-3.725215172,-117.9841854,
119622222,-0.6292412,-155.1693889,-17.03579836,-68.50973435,-3.638784702,-120.2727107,
119680000,-0.6390927565,-155.3070332,-16.89445261,-70.22464769,-3.559478624,-122.5596888,
119737777,-0.650445008,-155.4575097,-16.7490457,-71.99919722,-3.49065868,-124.8372517,
119795555,-0.6646202646,-155.5963162,-16.60877363,-73.75607542,-3.432081557,-127.129304,
119853333,-0.675123592,-155.7242376,-16.46622293,-75.56411064,-3.379002015,-129.4183811,
119911111,-0.6894388771,-155.8687876,-16.32564405,-77.38329827,-3.338754694,-131.7267712,
119968888,-0.702762307,-156.0216513,-16.18686641,-79.25921953,-3.304113007,-133.9901098,
120026666,-0.7157235358,-156.141988,-16.04265566,-81.11211157,-3.278536523,-136.2739739,
120084444,-0.7306746378,-156.2657947,-15.90080096,-83.01972695,-3.263082631,-138.5445746,
120142222,-0.7468601452,-156.3958207,-15.7580594,-84.92502137,-3.255262132,-140.818133,
120200000,-0.7641080853,-156.5253764,-15.61737614,-86.88713808,-3.255974839,-143.0926187,
120257777,-0.7798406909,-156.6359285,-15.47338064,-88.84296274,-3.267691862,-145.3422825,
120315555,-0.7973472685,-156.7478931,-15.32968876,-90.85963742,-3.288110579,-147.6028796,
120373333,-0.8161724347,-156.8754203,-15.18304162,-92.94029234,-3.317442027,-149.8654349,
120431111,-0.8359102463,-156.9889985,-15.03863234,-94.99784753,-3.357417859,-152.1119661,
120488888,-0.854888461,-157.1118437,-14.8908928,-97.11330482,-3.407409552,-154.3599729,
120546666,-0.8755713169,-157.2066317,-14.73993836,-99.27707298,-3.470117535,-156.603775,
120604444,-0.8989750461,-157.3197472,-14.5912845,-101.456971,-3.543797183,-158.8563303,
120662222,-0.9203786252,-157.4159416,-14.43892883,-103.6888116,-3.629270826,-161.0785224,
120720000,-0.9434986818,-157.5241558,-14.28207914,-105.98933,-3.728333136,-163.2905084,
120777777,-0.9681629618,-157.5992837,-14.12787196,-108.3078245,-3.842904158,-165.5156758,
120835555,-0.9948755279,-157.679905,-13.9675728,-110.7079247,-3.97340919,-167.7155014,
120893333,-1.021901981,-157.7474117,-13.80950336,-113.1726631,-4.121198448,-169.9094453,
120951111,-1.048240465,-157.8195791,-13.64876383,-115.6774948,-4.289896768,-172.0798946,
121008888,-1.075963653,-157.8497605,-13.48483227,-118.2257857,-4.477981699,-174.1901058,
121066666,-1.105468816,-157.870074,-13.32054275,-120.9036879,-4.687835413,-176.2748419,
121124444,-1.132838668,-157.8918769,-13.15349043,-123.6502409,-4.925329973,-178.3014318,
121182222,-1.162203873,-157.8862677,-12.9922211,-126.4534547,-5.193440453,179.7548963,
121240000,-1.191187185,-157.8532526,-12.82893425,-129.3751881,-5.495211217,177.9286443,
121297777,-1.219393572,-157.8198246,-12.66712269,-132.4241528,-5.835294128,176.2431433,
121355555,-1.251244505,-157.7727121,-12.51100426,-135.5642614,-6.220374499,174.7752893,
121413333,-1.278416472,-157.6833013,-12.35781577,-138.8045587,-6.65103596,173.562591,
121471111,-1.307523213,-157.5597471,-12.21230513,-142.1927298,-7.130634727,172.774943,
121528888,-1.333071584,-157.3945272,-12.07616171,-145.6914266,-7.659645315,172.5174471,
121586666,-1.355966339,-157.207904,-11.95650182,-149.3636265,-8.227716215,172.9623877,
121644444,-1.377013378,-156.9857875,-11.85014883,-153.1635417,-8.816211571,174.3493711,
121702222,-1.393290598,-156.7422902,-11.76548162,-157.0819339,-9.377690429,176.9011665,
121760000,-1.403970671,-156.4597995,-11.70835379,-161.126583,-9.844224907,-179.2772684,
121817777,-1.407245176,-156.156432,-11.67744147,-165.2841747,-10.12273089,-174.3328205,
121875555,-1.403200644,-155.8575703,-11.68051643,-169.4918037,-10.13752243,-168.8190048,
121933333,-1.389741725,-155.5472972,-11.71785837,-173.690876,-9.865358609,-163.541745,
121991111,-1.370908998,-155.2406897,-11.7904323,-177.9072632,-9.36389963,-159.2713557,
122048888,-1.34575773,-154.9555793,-11.89256623,177.9745908,-8.728215537,-156.2996666,
122106666,-1.313407323,-154.6870713,-12.0222997,173.900673,-8.047672007,-154.6880832,
122164444,-1.276367307,-154.464272,-12.17080238,169.9538143,-7.384424793,-154.142314,
122222222,-1.23475444,-154.2773576,-12.33720733,166.0955043,-6.767704987,-154.4078025,
122280000,-1.191921428,-154.0971597,-12.51649796,162.3602864,-6.206314119,-155.2412723,
122337777,-1.145828541,-153.970289,-12.70722142,158.6939142,-5.70352287,-156.4771496,
122395555,-1.096917427,-153.8722993,-12.91017667,155.1076917,-5.250389708,-157.9969173,
122453333,-1.046707197,-153.7963309,-13.12125059,151.587819,-4.844309241,-159.7066952,
122511111,-0.9983905368,-153.7461671,-13.34365562,148.1068701,-4.47701211,-161.5505043,
122568888,-0.945387071,-153.7599374,-13.57339714,144.7280818,-4.141694489,-163.5051984,
122626666,-0.896297243,-153.7920817,-13.81694592,141.42145,-3.838631219,-165.5257832,
122684444,-0.8478050077,-153.8436382,-14.06727835,138.1469543,-3.561493249,-167.6180006,
122742222,-0.7989352949,-153.9374915,-14.33150836,134.9709427,-3.309963924,-169.7524684,
122800000,-0.8929256403,-153.9317079,-14.66310735,131.5842559,-3.077595423,-172.3186575,
122857777,-0.7103251366,-154.170969,-14.87886085,128.8337705,-2.871321905,-174.1526773,
122915555,-0.6674141987,-154.3343604,-15.16465462,125.9096089,-2.682351711,-176.365957,
122973333,-0.629397528,-154.5014347,-15.45607125,123.0368304,-2.509571772,-178.5951344,
123031111,-0.5913112091,-154.6837768,-15.75387668,120.2677127,-2.352595993,179.1711466,
123088888,-0.5575906022,-154.8936251,-16.05445855,117.5718071,-2.211810098,176.9328413,
123146666,-0.5263895609,-155.0894332,-16.36164115,114.9500999,-2.083677934,174.7140813,
123204444,-0.4947169643,-155.2983314,-16.66910485,112.4220944,-1.967524545,172.5005813,
123262222,-0.4684579191,-155.5221132,-16.97770762,109.9715666,-1.86289866,170.2986269,
123320000,-0.4430933854,-155.7531232,-17.28990299,107.56575,-1.769698342,168.1255526,
123377777,-0.4201928381,-155.9566869,-17.60537023,105.2929863,-1.685745444,165.9525807,
123435555,-0.398784346,-156.2081852,-17.91343424,103.0547137,-1.610604834,163.8012637,
123493333,-0.3794865571,-156.4563624,-18.22918513,100.8880223,-1.543768422,161.6842223,
123551111,-0.3598914482,-156.6717764,-18.54745361,98.78283181,-1.485294114,159.5710793,
123608888,-0.3465348688,-156.9112407,-18.8581175,96.71527065,-1.428145541,157.4690178,
123666666,-0.3321235204,-157.1405446,-19.17029722,94.74780789,-1.379765975,155.4116643,
123724444,-0.315693746,-157.3880218,-19.47228336,92.86567293,-1.33533818,153.3664681,
123782222,-0.3042689774,-157.5930717,-19.78953921,90.92471101,-1.299299599,151.3146084,
123840000,-0.2941967032,-157.8214586,-20.10308653,89.16163021,-1.266927985,149.3076987,
123897777,-0.2829768129,-158.0516275,-20.40608009,87.36776121,-1.236067549,147.2999329,
123955555,-0.2722232672,-158.277659,-20.71885842,85.64221316,-1.211109647,145.3257763,
124013333,-0.2643953674,-158.4995562,-21.01846747,83.95886605,-1.188820251,143.3588251,
124071111,-0.2572988805,-158.7118781,-21.32281308,82.35062384,-1.169981405,141.4163508,
124128888,-0.2511011727,-158.9298672,-21.62220942,80.75198594,-1.151919487,139.4811507,
124186666,-0.243813671,-159.1166736,-21.92602469,79.23568226,-1.139270344,137.5611242,
124244444,-0.2367537374,-159.3490793,-22.22224929,77.70112039,-1.12785486,135.6613033,
124302222,-0.2260528809,-159.5444833,-22.51638289,76.22521342,-1.118799209,133.7677069,
124360000,-0.2254921282,-159.7603662,-22.81326845,74.83055143,-1.110934614,131.9067239,
124417777,-0.2207253867,-159.9726737,-23.11330491,73.40422577,-1.105587233,130.0366088,
124475555,-0.217199485,-160.17816,-23.40859342,72.08295447,-1.101957069,128.1782729,
124533333,-0.2159810242,-160.4178271,-23.68811911,70.7188844,-1.09881501,126.2767844,
124591111,-0.2099953549,-160.5960415,-23.98494751,69.48285802,-1.096990727,124.5053176,
124648888,-0.2123061326,-160.7552663,-24.27311363,68.13385369,-1.103385996,122.6807838,
124706666,-0.2051207426,-160.9797051,-24.56462565,67.0321231,-1.098560943,120.8652488,
124764444,-0.2027071805,-161.1690264,-24.84758029,65.75989947,-1.101514282,119.0415125,
124822222,-0.2001050582,-161.3767036,-25.13194733,64.57854152,-1.105063752,117.2264736,
124880000,-0.1972908856,-161.5751409,-25.41983341,63.45589152,-1.108905847,115.4415304,
124937777,-0.1983614048,-161.7642403,-25.70025138,62.36498248,-1.115734852,113.648647,
124995555,-0.1965060205,-161.9570065,-25.98634448,61.27719847,-1.121623062,111.8720499,
125053333,-0.1969543523,-162.143327,-26.26687238,60.30441633,-1.127819384,110.0873445,
125111111,-0.1926010737,-162.3306034,-26.54712561,59.27712306,-1.136975662,108.3011379,
125168888,-0.1929442657,-162.539349,-26.82960128,58.33289117,-1.14278628,106.5419457,
125226666,-0.1928734116,-162.715865,-27.09594857,57.32367635,-1.152698873,104.7803014,
125284444,-0.1922319308,-162.8916632,-27.37871979,56.39330913,-1.162151468,103.0319689,
125342222,-0.191149757,-163.0749095,-27.65672867,55.66274742,-1.171697464,101.2704856,
125400000,-0.1923786927,-163.2715273,-27.94225603,54.87715981,-1.180198904,99.51460675,
125457777,-0.1920069163,-163.4493072,-28.19779012,53.8251794,-1.192968291,97.75552932,
125515555,-0.1910874815,-163.6579705,-28.47198879,53.0560603,-1.205773999,95.9086336,
125573333,-0.1927199736,-163.8464761,-28.74960542,52.33694804,-1.217838981,94.16143581,
125631111,-0.1925627538,-163.9995782,-29.01998924,51.56510155,-1.23157415,92.4069262,
125688888,-0.1925135592,-164.1941924,-29.28445374,50.79548369,-1.243622929,90.66578007,
125746666,-0.1927126661,-164.3720958,-29.55184748,50.09349333,-1.256791776,88.91117169,
125804444,-0.1940532917,-164.5575895,-29.82044588,49.25651018,-1.272243923,87.14442179,
125862222,-0.1947192756,-164.7478176,-30.08013732,48.5746633,-1.288565614,85.38935951,
125920000,-0.1963737953,-164.9285305,-30.3242187,47.77394199,-1.307266505,83.60264639,
125977777,-0.1977344773,-165.1018636,-30.5841951,46.93155784,-1.329212426,81.84094509,
126035555,-0.1984317539,-165.2840541,-30.84612954,45.59742596,-1.360366241,80.01609259,
126093333,-0.2012780053,-165.4540079,-31.14271051,43.75373333,-1.408093839,78.17752279,
126151111,-0.2032547648,-165.6277628,-31.65851339,39.95956485,-1.519706219,76.40082276,
126208888,-0.2002045245,-165.766745,-33.85050282,38.8362825,-1.685147484,76.33691516,
126266666,-0.1955997727,-165.9895921,-33.28926637,54.1001598,-1.356112637,75.20483797,
126324444,-0.1973396323,-166.1931949,-32.72349355,52.5033936,-1.310898753,72.70996173,
126382222,-0.19986058,-166.3856628,-32.69902435,51.17506349,-1.321284059,70.6437799,
126440000,-0.2023463632,-166.5675697,-32.82774313,50.21846975,-1.33592413,68.73418326,
126497777,-0.2031483133,-166.7548583,-33.00159953,49.64905862,-1.350110785,66.90774607,
126555555,-0.2049147291,-166.9347423,-33.19186382,49.36381369,-1.363036405,65.08969752,
126613333,-0.2075121014,-167.1268141,-33.39026721,48.94623584,-1.374648916,63.29826391,
126671111,-0.208126594,-167.3020051,-33.56320509,48.85239602,-1.384073035,61.50695676,
126728888,-0.2104065263,-167.4885836,-33.7436145,48.86711762,-1.394946116,59.72358944,
126786666,-0.2120504622,-167.6746017,-33.91252326,48.67133754,-1.404193196,57.95710021,
126844444,-0.2141769662,-167.8644111,-34.11185478,48.52356942,-1.411661726,56.16112442,
126902222,-0.2168439384,-168.0376476,-34.29086433,48.48555854,-1.419160772,54.37168272,
126960000,-0.2170969578,-168.2516044,-34.45485385,48.53758155,-1.424461823,52.58219636,
127017777,-0.2189941422,-168.4446391,-34.59626113,48.6325466,-1.430375742,50.77136017,
127075555,-0.2214124995,-168.6340256,-34.75067487,48.42347512,-1.433929481,48.96556707,
127133333,-0.2227957679,-168.8370582,-34.91817663,48.36484366,-1.436802662,47.13813208,
127191111,-0.2248918341,-169.0140674,-35.03154092,48.37259902,-1.438714005,45.30238273,
127248888,-0.2275762286,-169.2064106,-35.15320998,48.13410163,-1.44028961,43.46582058,
127306666,-0.2293520585,-169.3955193,-35.3250828,47.75152679,-1.438061522,41.59278238,
127364444,-0.2323319,-169.5958924,-35.40405623,47.45727345,-1.436921517,39.72780759,
127422222,-0.2340365554,-169.8048562,-35.54491933,47.12521576,-1.432504913,37.79630292,
127480000,-0.2358746323,-169.9973749,-35.6530912,46.72394877,-1.425215005,35.86630944,
127537777,-0.2389471958,-170.1900656,-35.79999853,46.01296044,-1.419315604,33.9055198,
127595555,-0.2404508446,-170.3841754,-35.91800208,45.27628892,-1.411067663,31.89172818,
127653333,-0.2439162092,-170.5899122,-36.06439681,44.41484292,-1.399525878,29.83861226,
127711111,-0.2472005219,-170.7833768,-36.23660697,43.18085616,-1.38505444,27.74581404,
127768888,-0.2481414763,-170.9958857,-36.38757975,41.81480312,-1.371770478,25.57481053,
127826666,-0.2517971381,-171.2003646,-36.59456717,39.67965524,-1.353791817,23.32580698,
127884444,-0.2544486212,-171.4101546,-36.84434702,37.56658203,-1.336153669,20.98367641,
127942222,-0.256647509,-171.620132,-37.10591992,34.8824658,-1.319285002,18.54321427,
128000000,-0.2574240281,-171.8371516,-37.50777254,31.25617322,-1.299690923,15.90242121,
128057777,-0.2619513623,-172.0701595,-37.9745217,26.9930233,-1.287055686,13.14535838,
128115555,-0.2656305104,-172.2859379,-38.51098093,21.61666484,-1.281441251,10.13887119,
128173333,-0.2671413867,-172.5037356,-39.29096668,13.94762432,-1.28771169,6.851428532,
128231111,-0.270087038,-172.728953,-40.30018557,3.462892901,-1.319631935,3.216202398,
128288888,-0.2711700043,-172.9691197,-41.59735171,-11.83116936,-1.395169091,-0.8516307136,
128346666,-0.2742266262,-173.1935768,-42.8410375,-35.89583061,-1.544856648,-5.44874972,
128404444,-0.2736241189,-173.4132146,-43.14417067,-70.75955545,-1.816118094,-10.56058059,
128462222,-0.2753947506,-173.6560734,-41.23502883,-108.6906913,-2.282626742,-16.11045237,
128520000,-0.2745865436,-173.9078223,-38.3030711,-137.9535783,-3.034652192,-21.60567613,
128577777,-0.2742406167,-174.1780069,-35.57406809,-160.6153697,-4.147191795,-25.98100652,
128635555,-0.2753929912,-174.461554,-33.49337375,-179.283513,-5.580168715,-27.51531816,
128693333,-0.2782727286,-174.7573528,-32.02412146,164.5313641,-7.061915882,-24.47141553,
128751111,-0.2824866789,-175.0640472,-31.08465088,151.2212241,-8.084703419,-17.06779223,
128808888,-0.2898411698,-175.3782577,-30.4899777,139.9000618,-8.327846107,-8.463937904,
128866666,-0.2961106953,-175.6818702,-30.13907287,130.6178377,-7.98852249,-1.940673431,
128924444,-0.3038072655,-175.9840152,-29.91711478,123.03255,-7.425966413,1.829537836,
128982222,-0.3099015655,-176.2990003,-29.77923249,116.8125624,-6.861747598,3.496540139,
129040000,-0.316188289,-176.6278157,-29.6851845,111.5428757,-6.365559448,3.812048026,
129097777,-0.3237011417,-176.9506247,-29.60715715,107.2087852,-5.952792247,3.342418588,
129155555,-0.3310000509,-177.2979382,-29.54286986,103.3811344,-5.613243884,2.420713592,
129213333,-0.3370147134,-177.6379536,-29.4933993,99.98739921,-5.334726344,1.21998359,
129271111,-0.3466535832,-177.9627944,-29.42277535,97.02017885,-5.103754606,-0.1501245366,
129328888,-0.3526437612,-178.3520559,-29.37342873,94.38411139,-4.911098507,-1.607519024,
129386666,-0.3625948235,-178.7488143,-29.30849595,92.07849916,-4.748240078,-3.127091286,
129444444,-0.371199021,-179.1593558,-29.24268907,89.84076291,-4.611705542,-4.681843748,
129502222,-0.3804472379,-179.582988,-29.16545907,87.91327909,-4.495633252,-6.236678479,
129560000,-0.3901770549,179.992325,-29.07837916,86.03874515,-4.393857801,-7.789892819,
129617777,-0.401412028,179.5122586,-29.01436333,84.39676138,-4.307665333,-9.334471978,
129675555,-0.41166598,179.028533,-28.91747319,82.74494932,-4.231043941,-10.87388904,
129733333,-0.4238870495,178.5309422,-28.81825742,81.22489176,-4.164363291,-12.41020977,
129791111,-0.4375153071,177.9529774,-28.72755197,79.76562467,-4.10351867,-13.91937731,
129848888,-0.4519688456,177.3747092,-28.61636754,78.48340703,-4.052994183,-15.41008802,
129906666,-0.4689441898,176.7706281,-28.50937697,77.19084251,-4.005736749,-16.91229062,
129964444,-0.4881469996,176.0977373,-28.38679858,76.05635891,-3.962764561,-18.36155706,
130022222,-0.5092852393,175.3727019,-28.2685783,74.87920961,-3.923334615,-19.79960691,
130080000,-0.5315751999,174.6051911,-28.13507421,73.818171,-3.887673301,-21.21953248,
130137777,-0.5577878167,173.756231,-28.00485577,73.01129733,-3.853742732,-22.61803597,
130195555,-0.5897777613,172.8153779,-27.86307547,72.02763048,-3.822164568,-23.98708215,
130253333,-0.6248561368,171.794965,-27.70063662,71.21875199,-3.792281968,-25.32888638,
130311111,-0.6666138248,170.6306887,-27.5411782,70.54535863,-3.7621816,-26.65589102,
130368888,-0.7165204223,169.3037372,-27.35872784,70.08745791,-3.732873266,-27.93320892,
130426666,-0.778273911,167.8247971,-27.15766782,69.66193402,-3.701963276,-29.19463123,
130484444,-0.8537944494,166.1266288,-26.91235984,69.53075533,-3.669820082,-30.41044711,
130542222,-0.9479948136,164.1161125,-26.6423615,69.5290396,-3.633707309,-31.60301754,
130600000,-1.06999941,161.7713105,-26.31805245,69.83604924,-3.5941366,-32.75303142,
130657777,-1.230819868,158.9074435,-25.90742639,70.58720838,-3.546815277,-33.87151303,
130715555,-1.452635278,155.3935054,-25.38336162,71.40620491,-3.490757723,-34.95907748,
130773333,-1.768251262,150.9641575,-24.67194854,72.41895462,-3.424074679,-35.99843141,
130831111,-2.238234285,145.2062604,-23.72435547,73.32747272,-3.342670548,-37.04507852,
130888888,-2.974827867,137.500454,-22.48839599,73.21713969,-3.246130448,-38.12314364,
130946666,-4.214304446,126.700842,-20.94964853,71.01057842,-3.135575228,-39.2325207,
131004444,-6.47779423,110.5234442,-19.22106981,65.40422258,-3.010902263,-40.41486895,
131062222,-11.00575701,81.20913668,-17.56981206,55.37851391,-2.868045549,-41.61948657,
131120000,-16.02897712,-6.018067094,-16.36950305,41.26871034,-2.699693407,-42.89769008,
131177777,-9.180926857,-74.79446713,-15.9072636,25.18171732,-2.501847326,-44.46358608,
131235555,-5.083408097,-100.6833739,-16.15176371,9.899636737,-2.299736357,-46.41361786,
131293333,-3.028100211,-116.6562218,-16.87196058,-3.192511105,-2.127557947,-48.74658193,
131351111,-1.923601954,-127.8226359,-17.82971499,-13.76438218,-2.007421525,-51.2962614,
131408888,-1.298598641,-135.9807613,-18.89920443,-22.17784862,-1.937366607,-53.88925633,
131466666,-0.9213504488,-142.1427123,-19.99823011,-28.78586502,-1.910066882,-56.40868847,
131524444,-0.6871394782,-146.9253067,-21.08581793,-33.88194507,-1.91226279,-58.7946411,
131582222,-0.5362071665,-150.7254411,-22.14171473,-37.74380925,-1.934128961,-61.0389992,
131640000,-0.437651351,-153.836727,-23.1388329,-40.56549351,-1.967958975,-63.1531267,
131697777,-0.371922914,-156.3897076,-24.07384196,-42.46921975,-2.005607812,-65.15009633,
131755555,-0.326534628,-158.5550353,-24.92714308,-43.71606619,-2.046777281,-67.02372426,
131813333,-0.2960510201,-160.422706,-25.72060455,-44.38961679,-2.083979878,-68.82529581,
131871111,-0.273120892,-162.0353394,-26.43368982,-44.54732214,-2.121903011,-70.55465498,
131928888,-0.2586294011,-163.4680844,-27.06669759,-44.46862446,-2.155066977,-72.22038908,
131986666,-0.2491675104,-164.741639,-27.63541577,-44.02009326,-2.187129475,-73.84877017,
132044444,-0.241494431,-165.871476,-28.12238084,-43.42515513,-2.213753189,-75.4550479,
132102222,-0.2385612211,-166.9001742,-28.55393828,-42.71787761,-2.239223788,-77.00479416,
132160000,-0.2359903272,-167.8543507,-28.9374513,-42.0244518,-2.261996029,-78.56931137,
132217777,-0.2370169357,-168.7280643,-29.23689565,-41.18339469,-2.281946962,-80.08551657,
132275555,-0.2376837662,-169.5345977,-29.52315604,-40.46702992,-2.299694943,-81.60533123,
132333333,-0.2385270806,-170.3081605,-29.75170079,-39.70972605,-2.313273182,-83.11507901,
132391111,-0.2421821976,-171.00585,-29.92733498,-39.01966331,-2.329191535,-84.60193443,
132448888,-0.2438547142,-171.6941577,-30.08414444,-38.55978029,-2.339673445,-86.0904558,
132506666,-0.2473495567,-172.3234599,-30.20745389,-37.98448058,-2.350525175,-87.58838619,
132564444,-0.249725015,-172.9291314,-30.31633095,-37.74998038,-2.360050023,-89.06417953,
132622222,-0.2547926837,-173.5131745,-30.40136335,-37.46100442,-2.366649347,-90.54627146,
132680000,-0.258670491,-174.0907304,-30.45255743,-37.12156003,-2.375244236,-92.0393121,
132737777,-0.2628347689,-174.6211557,-30.50930343,-37.08095769,-2.382163351,-93.52152261,
132795555,-0.2668621405,-175.1390056,-30.56504603,-37.10544068,-2.387032424,-95.00883651,
132853333,-0.2728392413,-175.6444518,-30.5895461,-37.22592204,-2.391678855,-96.50237387,
132911111,-0.2788774321,-176.1491769,-30.60858956,-37.36811507,-2.398498353,-97.97191633,
132968888,-0.2830863957,-176.6211354,-30.62602897,-37.68058792,-2.404367559,-99.45150919,
133026666,-0.2872178489,-177.1226418,-30.63114188,-38.00333857,-2.403681244,-100.9653543,
133084444,-0.2902723379,-177.5858129,-30.64071211,-38.33382385,-2.403683407,-102.4644249,
133142222,-0.2935124337,-178.0423545,-30.63923454,-38.89565137,-2.404330069,-103.965846,
133200000,-0.2969578957,-178.504132,-30.62581535,-39.23780974,-2.404960324,-105.4826807,
133257777,-0.2995089452,-178.9640306,-30.62151767,-39.78215071,-2.405122012,-106.9930732,
133315555,-0.3041418647,-179.4010984,-30.61242865,-40.44315251,-2.404251233,-108.515503,
133373333,-0.306391194,-179.8502141,-30.59914579,-41.11861587,-2.405397367,-110.0311186,
133431111,-0.3103452185,179.7065054,-30.59781333,-41.75474439,-2.405835049,-111.557352,
133488888,-0.3149183159,179.2586379,-30.60165901,-42.58600829,-2.407165475,-113.0924535,
133546666,-0.320932459,178.8207358,-30.59446333,-43.33375471,-2.408215205,-114.6311563,
133604444,-0.3233157604,178.3939408,-30.57998841,-44.19192263,-2.409542398,-116.1919189,
133662222,-0.3291361879,177.9685737,-30.58194539,-45.07822421,-2.414127334,-117.7423631,
133720000,-0.33564532,177.5050562,-30.59326526,-45.89034604,-2.415451613,-119.3136672,
133777777,-0.3401296314,177.0506127,-30.57944794,-46.93155988,-2.418956412,-120.8846448,
133835555,-0.345825918,176.5921517,-30.58550154,-47.85678169,-2.424258418,-122.4756033,
133893333,-0.3512447919,176.158141,-30.60858882,-48.86186707,-2.428044522,-124.0778724,
133951111,-0.3588535104,175.6946049,-30.60057262,-49.84818888,-2.433539473,-125.6861721,
134008888,-0.3647089232,175.2131166,-30.6153044,-50.87969825,-2.440433849,-127.3159777,
134066666,-0.371341431,174.7580709,-30.64146687,-51.99797051,-2.446843713,-128.9402628,
134124444,-0.3787680658,174.2897943,-30.65074323,-52.93453099,-2.454022199,-130.5788538,
134182222,-0.3875243823,173.7889745,-30.6909491,-54.1650525,-2.462620521,-132.2330841,
134240000,-0.3951732588,173.3091539,-30.73067083,-55.23073869,-2.473159648,-133.91602,
134297777,-0.404095883,172.8131407,-30.77881938,-56.38845501,-2.484660327,-135.6084652,
134355555,-0.4131976296,172.3037949,-30.82097953,-57.52591566,-2.49465246,-137.3123731,
134413333,-0.4236911188,171.7769119,-30.88470236,-58.74322431,-2.50925166,-139.0496577,
134471111,-0.4340623628,171.2362598,-30.95111491,-59.94450649,-2.523445641,-140.8051861,
134528888,-0.4440811341,170.6816524,-31.02410337,-61.13886573,-2.540024049,-142.5699254,
134586666,-0.4572042677,170.1106083,-31.13252739,-62.3020603,-2.556996865,-144.3629081,
134644444,-0.4694927687,169.5428225,-31.22305337,-63.43789327,-2.57620491,-146.1858989,
134702222,-0.482226199,168.9005509,-31.35595041,-64.82247982,-2.596039962,-148.0365523,
134760000,-0.4975971456,168.2870658,-31.48665394,-65.93098279,-2.618511124,-149.9061833,
134817777,-0.512396014,167.6634046,-31.65837453,-67.22560744,-2.64442665,-151.8157463,
134875555,-0.5295569369,166.9801842,-31.84652447,-68.29487688,-2.670934925,-153.7487668,
134933333,-0.5470078066,166.2820417,-32.05560237,-69.47497517,-2.697627236,-155.7323829,
134991111,-0.5654007749,165.5492979,-32.32721365,-70.67820045,-2.72916588,-157.7267712,
135048888,-0.5861722095,164.769557,-32.59731829,-71.62045308,-2.763871659,-159.7893286,
135106666,-0.608221211,163.9890817,-32.94641132,-72.62596589,-2.800474616,-161.8781961,
135164444,-0.6320715255,163.1308827,-33.37145475,-73.42038944,-2.839508883,-164.0227154,
135222222,-0.6584240804,162.2551533,-33.83247417,-74.02671643,-2.882307999,-166.2090389,
135280000,-0.6867953132,161.3205877,-34.39198969,-74.55658736,-2.929844658,-168.4577315,
135337777,-0.7169826345,160.3164482,-35.09631105,-74.34223926,-2.97953069,-170.7764363,
135395555,-0.7533565644,159.236387,-35.92319233,-73.41478675,-3.033577203,-173.1626885,
135453333,-0.7921648554,158.0850014,-36.91273111,-71.39760628,-3.092848423,-175.6172054,
135511111,-0.8343035845,156.8581885,-38.0957823,-67.18851549,-3.157137992,-178.1629927,
135568888,-0.883245738,155.5158774,-39.5366881,-59.97464866,-3.227424989,179.2308932,
135626666,-0.9383453159,154.0684228,-40.9771443,-46.2946766,-3.303167422,176.5091664,
135684444,-1.002531791,152.4843036,-41.6559196,-24.73739825,-3.386771131,173.6720866,
135742222,-1.076459946,150.7474547,-40.50381575,-1.317243355,-3.478069161,170.7050007,
135800000,-1.162072111,148.8240622,-38.03532388,15.70542427,-3.578127338,167.6020737,
135857777,-1.265003947,146.6558239,-35.33000253,24.87759312,-3.68860969,164.3265081,
135915555,-1.385049555,144.2547546,-32.72502834,29.12477385,-3.810440858,160.8860733,
135973333,-1.532779624,141.5216899,-30.32086798,30.38471453,-3.944748457,157.2370048,
136031111,-1.71160719,138.4125807,-28.13198843,29.53396441,-4.095008298,153.3672012,
136088888,-1.936421101,134.8149704,-26.06788392,27.44350568,-4.262156516,149.2393971,
136146666,-2.220292887,130.6518802,-24.13070922,24.06359003,-4.452098544,144.8098995,
136204444,-2.58458433,125.7465564,-22.27495045,19.73670649,-4.668009987,140.0332149,
136262222,-3.061234857,119.8880077,-20.50372793,14.26430741,-4.914002909,134.8585447,
136320000,-3.697889734,112.8308383,-18.80142822,7.85949435,-5.196237024,129.2518489,
136377777,-4.564293126,104.0998177,-17.17510451,0.324914874,-5.5275291,123.1585872,
136435555,-5.751241423,93.10565004,-15.65238134,-8.414627081,-5.911546232,116.5475783,
136493333,-7.385744325,78.6178547,-14.25861648,-18.33883561,-6.360219294,109.3852149,
136551111,-9.574307196,58.12997419,-13.04745487,-29.38252333,-6.869233535,101.6855901,
136608888,-11.9753651,26.62683094,-12.05286586,-41.35881266,-7.429492312,93.51749626,
136666666,-12.77542603,-17.31542239,-11.30638708,-53.90355359,-8.005765569,84.83996464,
136724444,-10.94539064,-56.01139129,-10.81131423,-66.62373561,-8.549642627,75.5420359,
136782222,-8.596290167,-81.06683951,-10.54556365,-79.12415241,-9.011000647,65.48536736,
136840000,-6.737233348,-97.78727886,-10.47497498,-91.20931651,-9.337926147,54.45908829,
136897777,-5.383156015,-109.9867285,-10.54947385,-102.7520198,-9.493379105,42.46005015,
136955555,-4.411790659,-119.451912,-10.73676944,-113.8500267,-9.458170318,29.71976539,
137013333,-3.71650265,-127.0747371,-11.02497768,-124.6073668,-9.226054703,16.65611295,
137071111,-3.225473453,-133.4072227,-11.40979453,-135.2566286,-8.823770838,3.792061063,
137128888,-2.893158021,-138.7364696,-11.93078103,-146.0041291,-8.287461592,-8.362057595,
137186666,-2.716537032,-143.2129693,-12.6902783,-156.9890345,-7.636739201,-19.3267834,
137244444,-2.695057124,-146.562004,-13.91904897,-167.6819917,-6.823981502,-28.93104827,
137302222,-2.727184169,-147.9563463,-15.83841669,-174.1486579,-5.757919901,-38.21278877,
137360000,-2.509113671,-147.8822301,-17.35713658,-170.8429601,-4.650438396,-49.05611912,
137417777,-2.082598709,-148.8272155,-17.30055505,-168.0026556,-3.862171642,-60.59929037,
137475555,-1.714585029,-150.8668499,-17.00979412,-171.5992155,-3.342333943,-71.00844904,
137533333,-1.457241451,-153.13765,-17.04551899,-177.6685275,-2.951324673,-80.12098213,
137591111,-1.273492997,-155.3041339,-17.3417334,175.8693449,-2.624775674,-88.24457669,
137648888,-1.133220928,-157.3002717,-17.7934319,169.6264274,-2.344492135,-95.63030955,
137706666,-1.024476207,-159.1084599,-18.34907119,163.7686479,-2.103100718,-102.3874598,
137764444,-0.9329545106,-160.7841764,-18.97173281,158.289943,-1.898965923,-108.6416961,
137822222,-0.8597841125,-162.3200605,-19.63796943,153.2451859,-1.725491953,-114.467661,
137880000,-0.7986916989,-163.7609061,-20.34905035,148.4224928,-1.579740528,-119.9134274,
137937777,-0.744972074,-165.0758118,-21.07754689,144.007176,-1.45668475,-125.014297,
137995555,-0.7004975665,-166.3249566,-21.83370117,139.8730278,-1.355058851,-129.8507484,
138053333,-0.6608352485,-167.5132587,-22.61919986,136.0253601,-1.270794188,-134.3867048,
138111111,-0.6280278104,-168.6158192,-23.42143873,132.3420533,-1.201092971,-138.7031802,
138168888,-0.5986955133,-169.6754414,-24.24164519,128.9621163,-1.144986084,-142.8026948,
138226666,-0.5736096063,-170.6924475,-25.09511752,125.7329972,-1.099980097,-146.7222722,
138284444,-0.5520082475,-171.6560309,-25.97480967,122.8111045,-1.063191278,-150.4626336,
138342222,-0.5334550745,-172.5857019,-26.87646512,119.9550679,-1.035634383,-154.0645322,
138400000,-0.5177964278,-173.4931292,-27.82395519,117.3586642,-1.014696998,-157.529521,
138457777,-0.5045878996,-174.3581382,-28.81622264,115.0192418,-1.000190803,-160.8761551,
138515555,-0.4921061309,-175.2073273,-29.86537579,112.8306234,-0.9888369916,-164.1168576,
138573333,-0.4832442461,-176.0081923,-30.96325829,110.8747789,-0.9829240167,-167.2554922,
138631111,-0.4749994795,-176.8000369,-32.13527862,109.0895109,-0.9815897136,-170.3264632,
138688888,-0.4694412008,-177.6126985,-33.42571036,107.6596272,-0.9823163627,-173.3432286,
138746666,-0.4655840104,-178.3728408,-34.83389184,106.7854867,-0.9878660743,-176.2858792,
138804444,-0.4615535063,-179.1554655,-36.33968955,106.2201156,-0.9961669719,-179.1652149,
138862222,-0.4588805882,-179.8936165,-38.08141337,106.5390234,-1.00706528,177.9816084,
138920000,-0.4586261626,179.3385187,-40.0036004,107.9762822,-1.019934345,175.1756509,
138977777,-0.4603207837,178.5691483,-42.28219721,110.5569583,-1.035424321,172.3887221,
139035555,-0.4636929811,177.7820151,-44.85529243,116.6342864,-1.055026898,169.6268888,
139093333,-0.4683773378,177.0045635,-47.9078325,127.3175092,-1.076415066,166.8602644,
139151111,-0.4754696148,176.2141045,-51.07667221,148.2887023,-1.101854793,164.0811769,
139208888,-0.4855288472,175.3938195,-52.64650412,-178.2026717,-1.130622083,161.3379135,
139266666,-0.4975775482,174.5550532,-52.40249883,-147.2184297,-1.165970485,158.5494922,
139324444,-0.5145816869,173.6578913,-51.25844581,-122.3542903,-1.205297207,155.7392332,
139382222,-0.5358635412,172.7280445,-50.43614657,-97.58040426,-1.252600817,152.8785642,
139440000,-0.5628056481,171.7432468,-48.59896294,-67.731451,-1.309980323,149.964727,
139497777,-0.6008231763,170.6757807,-45.05118521,-42.71280148,-1.382690901,146.9834966,
139555555,-0.6517552704,169.5421193,-40.79638532,-27.29424352,-1.472645924,143.9387626,
139613333,-0.722252356,168.3121238,-36.46889793,-20.17037537,-1.589227009,140.8095408,
139671111,-0.8209468941,166.9655442,-32.4573714,-18.7499954,-1.744691574,137.5919124,
139728888,-0.9602541754,165.5422899,-28.71949797,-21.40717857,-1.956036412,134.3606705,
139786666,-1.162289781,164.0922471,-25.28120218,-27.04149282,-2.242831728,131.2352074,
139844444,-1.444236083,162.8252462,-22.14955407,-35.74747035,-2.61260777,128.5546897,
139902222,-1.805741972,162.0766706,-19.3886798,-47.03649773,-3.0489538,126.7469909,
139960000,-2.192109093,162.3076074,-17.10791575,-60.49418607,-3.444827002,126.2034052,
140017777,-2.494704268,163.5181568,-15.36985196,-74.90120942,-3.65003179,126.5381827,
140075555,-2.640147389,165.0718809,-14.14865177,-88.92262688,-3.629557624,126.5972805,
140133333,-2.658870205,166.2344861,-13.2947941,-101.6175936,-3.481956288,125.5763541,
140191111,-2.631455783,166.7251462,-12.65971296,-112.8154925,-3.33083776,123.4133489,
140248888,-2.622626998,166.6621635,-12.12696911,-122.6532822,-3.243458032,120.4593203,
140306666,-2.663563027,166.224183,-11.62111101,-131.5147523,-3.24080787,116.964642,
140364444,-2.766847369,165.5919705,-11.10904792,-139.7972582,-3.329055379,113.1263645,
140422222,-2.943194364,164.9257654,-10.57787115,-147.7546397,-3.514966076,109.0486773,
140480000,-3.195429003,164.3931282,-10.02767796,-155.6304386,-3.815693004,104.8110453,
140537777,-3.529142578,164.2013715,-9.464614972,-163.7144777,-4.249579909,100.5108056,
140595555,-3.938953043,164.62081,-8.911304526,-172.1358482,-4.856591815,96.34889627,
140653333,-4.405626144,166.0008359,-8.394617875,178.9732362,-5.675025107,92.68215741,
140711111,-4.864077983,168.7139667,-7.94575559,169.5309212,-6.748818618,90.12829262,
140768888,-5.202501962,172.9292858,-7.602351249,159.6425928,-8.078132113,89.93052613,
140826666,-5.280521938,178.231503,-7.40064278,149.3974551,-9.514176159,93.74564332,
140884444,-5.030739271,-176.5222485,-7.358792877,139.0936654,-10.61062778,102.784246,
140942222,-4.523271902,-172.4167924,-7.476923136,129.0315671,-10.75514405,114.6603617,
141000000,-3.904712453,-169.9418567,-7.739016022,119.4808959,-9.950902094,124.0873211,
141057777,-3.293027697,-168.9172651,-8.112886759,110.6489587,-8.775885089,128.7894737,
141115555,-2.757980664,-168.928342,-8.565266289,102.6041991,-7.653112807,129.804743,
141173333,-2.312897386,-169.5757137,-9.062749214,95.34681832,-6.716194708,128.619503,
141231111,-1.953872891,-170.5924609,-9.580724758,88.84243958,-5.971743361,126.2772555,
141288888,-1.669604872,-171.7389988,-10.09859859,82.96852027,-5.386114995,123.3443816,
141346666,-1.44443157,-172.9494287,-10.60503885,77.70137753,-4.928595675,120.1372,
141404444,-1.265337722,-174.1440979,-11.09497271,72.89052122,-4.566807548,116.8195374,
141462222,-1.122574335,-175.3080988,-11.55824267,68.51785588,-4.279804402,113.4719412,
141520000,-1.007531914,-176.4022133,-11.99682963,64.48821651,-4.05085833,110.1548954,
141577777,-0.9142663808,-177.4364027,-12.40653061,60.75599678,-3.866525957,106.8434816,
141635555,-0.8391937674,-178.4248808,-12.79017923,57.27951409,-3.717616119,103.6074557,
141693333,-0.7762973635,-179.3488826,-13.14687542,54.02568295,-3.598677017,100.3986484,
141751111,-0.72582644,179.780212,-13.47514482,50.94746693,-3.501817439,97.23411437,
141808888,-0.6842259385,178.9723035,-13.78473717,48.02568217,-3.422197789,94.11233326,
141866666,-0.6484840845,178.1956609,-14.06249543,45.21485647,-3.357043278,90.98736007,
141924444,-0.6188350307,177.4249182,-14.31886284,42.52794161,-3.307221352,87.89191421,
141982222,-0.5957385341,176.7134031,-14.55490501,39.92537489,-3.268616127,84.80739277,
142040000,-0.5744327744,176.0405497,-14.76723926,37.41692498,-3.236435635,81.73475163,
142097777,-0.5600507602,175.3734325,-14.96097776,34.96279612,-3.214358719,78.66320968,
142155555,-0.5470519517,174.7374098,-15.13628574,32.61467396,-3.198871836,75.58685268,
142213333,-0.5357320476,174.1435003,-15.29254984,30.26710045,-3.188428819,72.48541702,
142271111,-0.5280970564,173.5522886,-15.43105969,27.95501037,-3.183791305,69.3938743,
142328888,-0.5227805808,172.9663785,-15.54489527,25.69536267,-3.183742481,66.26152874,
142386666,-0.5182975024,172.4118962,-15.64848985,23.4863986,-3.187675488,63.10883336,
142444444,-0.5158805365,171.852852,-15.7363022,21.26078489,-3.195428988,59.91195024,
142502222,-0.5157573742,171.3268376,-15.80712431,19.01391694,-3.20706829,56.69577597,
142560000,-0.5176637988,170.7753739,-15.86205465,16.84180209,-3.22236141,53.43858457,
142617777,-0.5203899338,170.28305,-15.90198601,14.6541095,-3.239874635,50.13652922,
142675555,-0.5246955426,169.7674101,-15.92512288,12.46611764,-3.26090273,46.78398419,
142733333,-0.5312862705,169.2679292,-15.93609595,10.24346728,-3.285537022,43.37288361,
142791111,-0.5387164555,168.7646708,-15.9300491,8.004577175,-3.311843101,39.90219514,
142848888,-0.5482197624,168.2819613,-15.91302061,5.791998804,-3.341467159,36.35994104,
142906666,-0.558725896,167.7931633,-15.87981593,3.514741327,-3.371482312,32.75221346,
142964444,-0.5722254434,167.2973779,-15.83541735,1.228790259,-3.406244905,29.06694947,
143022222,-0.5872404036,166.8235487,-15.77549053,-1.120856888,-3.443019445,25.29607142,
143080000,-0.6034029638,166.3648066,-15.70229766,-3.489906944,-3.481517813,21.44915882,
143137777,-0.6225804657,165.885304,-15.6181192,-5.939883562,-3.522922818,17.49248502,
143195555,-0.6461835882,165.4083999,-15.52325038,-8.408485639,-3.568470107,13.44781363,
143253333,-0.6724906165,164.9683078,-15.41321747,-10.96000556,-3.616271145,9.286396351,
143311111,-0.700154034,164.4730933,-15.29477434,-13.63027126,-3.666008475,5.010589396,
143368888,-0.734286294,164.03438,-15.1642382,-16.37338586,-3.72032614,0.59906629,
143426666,-0.7711215892,163.614458,-15.02453827,-19.21035221,-3.778631586,-3.940654599,
143484444,-0.8139589782,163.187398,-14.8757203,-22.17315273,-3.838892659,-8.592919772,
143542222,-0.8615929739,162.7881638,-14.71744745,-25.27236608,-3.904973429,-13.42663724,
143600000,-0.9157972,162.4224597,-14.56119893,-28.54390785,-3.974907294,-18.38970732,
143657777,-0.974877561,162.1044473,-14.40368631,-31.96677923,-4.047611765,-23.53302066,
143715555,-1.039633963,161.8377702,-14.25205986,-35.56376334,-4.131898264,-28.80721886,
143773333,-1.109808267,161.6460057,-14.11551916,-39.34681512,-4.217295197,-34.28987168,
143831111,-1.179778012,161.5684513,-13.99595849,-43.32154986,-4.312546649,-39.91945506,
143888888,-1.247934162,161.5763573,-13.9067632,-47.46810801,-4.411028437,-45.69774337,
143946666,-1.307996028,161.7070657,-13.84701443,-51.70610089,-4.51356013,-51.63138242,
144004444,-1.353683007,161.9397266,-13.83303459,-55.96554504,-4.619645821,-57.69652743,
144062222,-1.379941228,162.2480313,-13.85441675,-60.20530641,-4.722246795,-63.90794946,
144120000,-1.383632305,162.5821511,-13.91932047,-64.31153825,-4.821257702,-70.25393529,
144177777,-1.36790031,162.8762172,-14.0116052,-68.21800163,-4.909941194,-76.73689753,
144235555,-1.331496305,163.1197122,-14.12066259,-71.92330926,-4.985793908,-83.39365474,
144293333,-1.28434903,163.2576795,-14.23227455,-75.33024333,-5.047128348,-90.20768506,
144351111,-1.229926732,163.3037443,-14.34105612,-78.56197327,-5.092414829,-97.20218769,
144408888,-1.174499823,163.2212421,-14.4269016,-81.61550049,-5.122026587,-104.3817724,
144466666,-1.120904771,163.0823024,-14.49561904,-84.54773617,-5.134962377,-111.7105458,
144524444,-1.070088177,162.8959786,-14.54293766,-87.45001678,-5.132926841,-119.2139383,
144582222,-1.027550891,162.611397,-14.5713169,-90.38307972,-5.117143037,-126.8605037,
144640000,-0.9874702558,162.330927,-14.58770459,-93.32609099,-5.088704712,-134.6253071,
144697777,-0.9536951692,161.9956562,-14.58675839,-96.31710059,-5.047695123,-142.4443544,
144755555,-0.9254708522,161.6594739,-14.58340499,-99.39380261,-4.993942024,-150.3327944,
144813333,-0.8999584962,161.2982199,-14.58154353,-102.513209,-4.930749866,-158.2106929,
144871111,-0.8781547413,160.9501107,-14.57288241,-105.7063819,-4.858632461,-166.0822072,
144928888,-0.859557632,160.5753747,-14.57154492,-108.9579619,-4.780686063,-173.9377924,
144986666,-0.8425898686,160.232092,-14.56874123,-112.259772,-4.693516842,178.2880239,
145044444,-0.82515461,159.881692,-14.5744477,-115.5786424,-4.600420156,170.6012467,
145102222,-0.8110749139,159.5164733,-14.58293818,-118.9495444,-4.505243588,162.9928531,
145160000,-0.7971904,159.1420171,-14.60233927,-122.3445241,-4.407589653,155.5071928,
145217777,-0.7853245124,158.7715798,-14.62205426,-125.7365865,-4.313312279,148.1490294,
145275555,-0.7740985809,158.4166748,-14.65119011,-129.1130178,-4.218187267,140.9297685,
145333333,-0.7641649614,158.0486043,-14.68720889,-132.5172252,-4.128563425,133.8269365,
145391111,-0.7542008375,157.6829456,-14.7231528,-135.9229395,-4.040371674,126.8228199,
145448888,-0.7471770954,157.3126305,-14.76489026,-139.2923434,-3.960585718,119.9610324,
145506666,-0.7386038617,156.9515215,-14.80721856,-142.698999,-3.886980958,113.2012986,
145564444,-0.7317737481,156.5920103,-14.85623266,-146.0570114,-3.822226363,106.5479835,
145622222,-0.7265845789,156.2262644,-14.90214803,-149.4617179,-3.762835594,99.96770675,
145680000,-0.7200007866,155.8623687,-14.94797696,-152.8395062,-3.71304248,93.45938069,
145737777,-0.7149150125,155.4973237,-14.99267866,-156.2430439,-3.672123221,86.97600792,
145795555,-0.7122690097,155.1372128,-15.03430021,-159.6805762,-3.644112431,80.52322004,
145853333,-0.7090823896,154.7459075,-15.07259254,-163.17695,-3.626516769,74.03344903,
145911111,-0.7054451013,154.3917694,-15.10755818,-166.7188811,-3.625243935,67.50456731,
145968888,-0.7038800858,154.0041999,-15.14022061,-170.3701347,-3.638730095,60.85921733,
146026666,-0.7016475935,153.6526787,-15.15857123,-174.0788417,-3.672641564,54.08299867,
146084444,-0.7027611484,153.2628655,-15.18376224,-177.9929444,-3.73155354,47.07171479,
146142222,-0.7028244505,152.9193849,-15.20095,177.9287794,-3.818631512,39.74153483,
146200000,-0.7040715905,152.5586343,-15.21315188,173.5843065,-3.943232371,31.97218539,
146257777,-0.7055041189,152.2012311,-15.22531324,168.9740984,-4.119999915,23.6401145,
146315555,-0.7070872938,151.8630883,-15.24313088,163.9133519,-4.359878319,14.51731378,
146373333,-0.7084477015,151.5408816,-15.27473901,158.3707547,-4.68725944,4.310777165,
146431111,-0.7092316946,151.2272487,-15.34420676,152.1341802,-5.134101483,-7.414564047,
146488888,-0.7092099953,150.9493177,-15.46768339,145.1613156,-5.742913944,-21.2817141,
146546666,-0.7042699267,150.6571369,-15.69144578,137.1767599,-6.554460563,-38.23410925,
146604444,-0.6950955967,150.4029712,-16.08534733,128.1364762,-7.571232589,-59.76679989,
146662222,-0.6761860486,150.1233245,-16.74388936,117.9531427,-8.626139157,-87.77740908,
146720000,-0.6475678711,149.8298395,-17.77424517,106.9078645,-9.169383975,-122.7328852,
146777777,-0.6165644274,149.4372252,-19.32488857,95.66633578,-8.632497885,-159.9104568,
146835555,-0.5845548348,148.9941248,-21.51550565,85.01290347,-7.303605821,167.7227509,
146893333,-0.5587542885,148.4592058,-24.51119864,76.31956432,-5.910719111,142.0800516,
146951111,-0.5426422271,147.8919835,-28.64994409,71.4436912,-4.778811466,121.9141567,
147008888,-0.534622722,147.3264886,-34.82692958,77.74086141,-3.940462203,105.7253171,
147066666,-0.5323077083,146.7486673,-40.93478328,137.8519232,-3.334674178,92.44932611,
147124444,-0.5348935593,146.2040157,-35.19028176,-176.4655698,-2.898816327,81.31918171,
147182222,-0.5396107142,145.6650446,-31.16918382,-170.1573314,-2.5806199,71.81698,
147240000,-0.5455284053,145.1481349,-28.76853492,-170.6564229,-2.341930585,63.54403459,
147297777,-0.5542704484,144.6245481,-27.17776362,-172.7597996,-2.159783572,56.23206206,
147355555,-0.5596574785,144.1263245,-26.04652007,-175.3625408,-2.017237571,49.67071024,
147413333,-0.5673665871,143.6184272,-25.2075666,-178.14918,-1.905393404,43.73006575,
147471111,-0.5751337679,143.1170624,-24.55723327,179.0878118,-1.812809774,38.26574579,
147528888,-0.5835704797,142.6090777,-24.03557973,176.4645116,-1.737317651,33.22023337,
147586666,-0.5914002681,142.1033541,-23.61814333,173.833177,-1.673248714,28.51048693,
147644444,-0.6005901209,141.6014865,-23.26464224,171.3389287,-1.616288333,24.05825139,
147702222,-0.6079518989,141.0901286,-22.9692019,168.9533558,-1.568204791,19.86180626,
147760000,-0.6165489457,140.5696459,-22.71939537,166.6784201,-1.52585481,15.87723014,
147817777,-0.6255831741,140.0525998,-22.50136584,164.4719544,-1.487009849,12.08106789,
147875555,-0.6328578319,139.526677,-22.31042842,162.2639777,-1.450653363,8.430599718,
147933333,-0.6392206201,139.0036911,-22.13463084,160.1526767,-1.419256508,4.919161263,
147991111,-0.6511108842,138.4703846,-21.9808494,158.1565625,-1.389577092,1.541534921,
148048888,-0.6590243888,137.9368401,-21.84120706,156.0913956,-1.363696818,-1.730838795,
148106666,-0.6686121279,137.3917461,-21.71422816,154.1338764,-1.337307158,-4.907717222,
148164444,-0.6797021207,136.8512481,-21.59627695,152.2070944,-1.313836887,-7.988282062,
148222222,-0.6905719463,136.2667196,-21.48781542,150.3117561,-1.292063357,-10.99394504,
148280000,-0.6998931083,135.706032,-21.38433019,148.4424446,-1.269164603,-13.92630542,
148337777,-0.7111055561,135.1347019,-21.28214373,146.6153838,-1.249071453,-16.78860895,
148395555,-0.7216964791,134.5376538,-21.18954207,144.8623307,-1.231002087,-19.59378262,
148453333,-0.7334499289,133.9499469,-21.10016921,143.0116047,-1.212751243,-22.34297488,
148511111,-0.7449282852,133.3391417,-21.00862456,141.3156261,-1.194722304,-25.0006581,
148568888,-0.7579908178,132.7273986,-20.92457177,139.5593909,-1.177735208,-27.6552824,
148626666,-0.7703176826,132.1034845,-20.83868984,137.817522,-1.161775363,-30.23167321,
148684444,-0.7839891787,131.4648504,-20.75539267,136.1527974,-1.146143041,-32.7801482,
148742222,-0.7964314748,130.8463792,-20.67457814,134.4751454,-1.13197006,-35.29498616,
148800000,-0.8109932422,130.1668769,-20.59553687,132.7553662,-1.118358431,-37.77718352,
148857777,-0.8248809823,129.5013264,-20.51016516,131.0679005,-1.102915471,-40.20498673,
148915555,-0.8391027925,128.8289035,-20.42987661,129.4180532,-1.088976868,-42.6008316,
148973333,-0.8556759628,128.1125117,-20.35219733,127.7553083,-1.076655636,-44.96477604,
149031111,-0.8718550719,127.3983115,-20.26702224,126.0976678,-1.066166791,-47.29105365,
149088888,-0.8886015414,126.6893759,-20.18630638,124.4597637,-1.054512207,-49.59227643,
149146666,-0.9061142514,125.9342868,-20.10591354,122.7971345,-1.043761969,-51.87342765,
149204444,-0.9239751176,125.1877682,-20.01412319,121.1801262,-1.033683821,-54.09876778,
149262222,-0.943232531,124.4069902,-19.93448279,119.5073596,-1.023697447,-56.33426853,
149320000,-0.9628017405,123.6210763,-19.85102146,117.8799486,-1.014461459,-58.53912305,
149377777,-0.9833341983,122.7929666,-19.76265665,116.232283,-1.006526201,-60.71677469,
149435555,-1.005617489,121.9546891,-19.67317441,114.5839343,-0.9972409741,-62.88143961,
149493333,-1.027519603,121.1035176,-19.58226282,112.919663,-0.989794916,-64.9999156,
149551111,-1.051100141,120.2283592,-19.49373404,111.2512767,-0.983165311,-67.13071381,
149608888,-1.074409414,119.3011125,-19.40098768,109.6183654,-0.976395549,-69.223422,
149666666,-1.100625959,118.3893911,-19.3074809,107.9238903,-0.9698849527,-71.3069213,
149724444,-1.126878197,117.4111169,-19.21156459,106.2208044,-0.9630610794,-73.36978754,
149782222,-1.154931526,116.4030703,-19.11349494,104.5164029,-0.9607122526,-75.41729364,
149840000,-1.184864879,115.3752229,-19.01781475,102.8167422,-0.9562385621,-77.45454216,
149897777,-1.214354788,114.3096625,-18.91974907,101.0920254,-0.9514785651,-79.46656023,
149955555,-1.249458569,113.1967675,-18.8171537,99.3522159,-0.9477224335,-81.48007224,
150013333,-1.283431136,112.0383211,-18.71225774,97.61854997,-0.9443018889,-83.45236788,
150071111,-1.319888334,110.8472499,-18.606165,95.82251238,-0.94198076,-85.43522303,
150128888,-1.358216748,109.598775,-18.50171985,94.00371489,-0.9406435848,-87.39866963,
150186666,-1.400589746,108.2888351,-18.39663906,92.13706522,-0.9383025111,-89.35543476,
150244444,-1.443989268,106.9169571,-18.28809095,90.27582844,-0.938356502,-91.28851199,
150302222,-1.495056054,105.4637602,-18.17784482,88.41152326,-0.9376523051,-93.22140851,
150360000,-1.549862481,103.9578168,-18.07035957,86.44277201,-0.9372483117,-95.14074091,
150417777,-1.60880933,102.315595,-17.96087632,84.43636497,-0.9378848601,-97.05952518,
150475555,-1.675987132,100.5887841,-17.85592416,82.3571153,-0.9396635676,-98.95637415,
150533333,-1.759450976,98.73165404,-17.75410018,80.19920831,-0.9397984266,-100.832226,
150591111,-1.855402946,96.74032215,-17.65979606,78.04447316,-0.9436053399,-102.7238786,
150648888,-1.975482132,94.57189817,-17.57854175,75.7237738,-0.9449324011,-104.5823036,
150706666,-2.133426874,92.22621749,-17.5154152,73.33586273,-0.9478671797,-106.4506145,
150764444,-2.342377543,89.73671119,-17.48135613,70.87088545,-0.9500892086,-108.2966181,
150822222,-2.629615665,87.20093193,-17.49643936,68.4366863,-0.951310361,-110.1489864,
150880000,-3.016543821,84.83201456,-17.56602044,66.11345258,-0.9525893036,-112.0128475,
150937777,-3.497263206,83.14607549,-17.68606258,64.30392735,-0.9551437719,-113.8535095,
150995555,-4.00144862,82.66466074,-17.80457601,63.24573831,-0.9569999271,-115.7104034,
151053333,-4.380963236,83.34972361,-17.84296857,62.78735016,-0.961789567,-117.5759579,
151111111,-4.544278941,84.34539939,-17.74889631,62.54350147,-0.9701317011,-119.4513407,
151168888,-4.53608707,84.72030925,-17.55198042,61.85321515,-0.9788937738,-121.3020623,
151226666,-4.462610913,84.13390105,-17.30969612,60.71326151,-0.9908128089,-123.1497914,
151284444,-4.393083465,82.73631282,-17.06750799,59.08904452,-1.001220341,-124.9896771,
151342222,-4.358582904,80.73474028,-16.83806993,57.13527389,-1.014449111,-126.8325621,
151400000,-4.366359542,78.30970651,-16.62243664,54.98864105,-1.026994353,-128.6551327,
151457777,-4.410662413,75.60265183,-16.43188669,52.64080945,-1.038764041,-130.4819918,
151515555,-4.491816252,72.58558985,-16.25461391,50.23964129,-1.054121971,-132.3039972,
151573333,-4.604072889,69.34969048,-16.09233265,47.6843978,-1.066785199,-134.1230946,
151631111,-4.74443922,65.85149952,-15.94149858,45.08740918,-1.080259439,-135.9536246,
151688888,-4.912392045,62.11396955,-15.8091364,42.3831333,-1.094906121,-137.7668058,
151746666,-5.105931921,58.07005199,-15.68703252,39.61805069,-1.110456968,-139.5904986,
151804444,-5.324426969,53.7321935,-15.58088068,36.77830913,-1.126028019,-141.4043511,
151862222,-5.567046447,49.03488085,-15.4882075,33.81499257,-1.14089313,-143.2418776,
151920000,-5.828578831,43.95569569,-15.40612267,30.81875666,-1.156440997,-145.0653955,
151977777,-6.109408458,38.42906883,-15.34706199,27.72592017,-1.171929809,-146.8871359,
152035555,-6.409306291,32.40098111,-15.30792875,24.52280467,-1.1887433,-148.7335029,
152093333,-6.720961937,25.82954655,-15.29296532,21.30345054,-1.204594513,-150.5658516,
152151111,-7.03317247,18.6341306,-15.30065825,17.92189756,-1.219663073,-152.4247691,
152208888,-7.340385676,10.71586326,-15.34402352,14.49289646,-1.233951751,-154.2954644,
152266666,-7.621146303,2.103840616,-15.41733953,10.98748318,-1.24756008,-156.1688343,
152324444,-7.86312696,-7.258937792,-15.53860852,7.429683833,-1.260618236,-158.0619906,
152382222,-8.034057548,-17.32248205,-15.70463838,3.82928309,-1.272829965,-159.9792728,
152440000,-8.121962853,-28.04050448,-15.92845854,0.2052265476,-1.285116491,-161.8962564,
152497777,-8.101776584,-39.17717234,-16.22408731,-3.415334242,-1.295639004,-163.8828471,
152555555,-7.965803329,-50.59432825,-16.59121192,-6.912208031,-1.30654464,-165.8926553,
152613333,-7.72163414,-61.98994637,-17.05621948,-10.29026918,-1.314781245,-167.9333938,
152671111,-7.382492339,-73.16307371,-17.62909647,-13.35576638,-1.324117239,-170.0294353,
152728888,-6.970540785,-83.97995852,-18.334798,-15.98241965,-1.33399086,-172.1903734,
152786666,-6.518642914,-94.33692458,-19.1959134,-17.89070986,-1.345233249,-174.410169,
152844444,-6.047698164,-104.1716465,-20.22679651,-18.53610709,-1.359062066,-176.6918668,
152902222,-5.58302493,-113.5134501,-21.44177856,-17.29221362,-1.377186018,-179.0716792,
152960000,-5.140464526,-122.3791388,-22.80051043,-12.87929662,-1.398599246,178.4807274,
153017777,-4.735565335,-130.8272587,-24.0771492,-3.737093407,-1.428121766,175.9273943,
153075555,-4.374074418,-138.9036025,-24.73190186,10.8466957,-1.465912547,173.2884682,
153133333,-4.065608863,-146.6321208,-24.18997281,27.11087099,-1.515955686,170.5400754,
153191111,-3.814045432,-154.0922485,-22.61277336,39.51442274,-1.577878564,167.6727106,
153248888,-3.619007716,-161.2988576,-20.65991457,46.45483753,-1.653544028,164.697483,
153306666,-3.48698666,-168.3018135,-18.74496313,49.0141384,-1.749133476,161.6069761,
153364444,-3.416952897,-175.12991,-16.98527544,48.81646819,-1.865054583,158.3800541,
153422222,-3.416302945,178.2193786,-15.40221958,46.8353612,-2.004932619,155.028789,
153480000,-3.486256639,171.6870433,-13.97756928,43.64932663,-2.176776255,151.5219029,
153537777,-3.632355428,165.2564665,-12.68977386,39.61277243,-2.384096589,147.8853665,
153595555,-3.864251709,158.9277624,-11.52168857,34.90012939,-2.63246629,144.0903054,
153653333,-4.191552873,152.6900621,-10.45687477,29.68140915,-2.932657128,140.1258167,
153711111,-4.627512152,146.5750231,-9.481530805,24.00862935,-3.296643296,136.0292229,
153768888,-5.191371907,140.6053027,-8.586678108,17.91273909,-3.736283345,131.768745,
153826666,-5.908927395,134.8885585,-7.770793896,11.4537966,-4.267781598,127.3916605,
153884444,-6.807928778,129.5740835,-7.029837469,4.646324123,-4.917445012,122.9267566,
153942222,-7.929871564,124.9722577,-6.366055354,-2.502154836,-5.71257908,118.4414336,
154000000,-9.339411416,121.2180822,-5.741770058,-10.05934852,-6.690526173,114.0736917,
154057777,-11.02033884,120.4671913,-5.261436793,-17.70731152,-7.905582174,109.9621461,
154115555,-13.00007171,123.410597,-4.832250559,-25.70520982,-9.439403512,106.5112846,
154173333,-14.94621462,133.2144273,-4.48617757,-33.96339975,-11.41084448,104.4691165,
154231111,-15.88110788,150.3135023,-4.227117939,-42.40721531,-14.01764076,105.4967618,
154288888,-15.07249773,166.9299048,-4.052974352,-50.99893377,-17.45397793,114.3811341,
154346666,-13.36593924,175.7737296,-3.968684728,-59.72254052,-20.7365317,143.4256419,
154404444,-11.69252034,177.677965,-3.97333816,-68.5654081,-19.36458221,-176.489998,
154462222,-10.34931417,175.4454327,-4.071379734,-77.48955165,-15.63880834,-159.250594,
154520000,-9.363532335,170.7005146,-4.26512258,-86.47436762,-12.59866513,-155.2608636,
154577777,-8.724382894,164.3550563,-4.56694238,-95.56239324,-10.29348461,-156.1933068,
154635555,-8.412213025,156.8459157,-4.983824662,-104.7118624,-8.496516924,-159.3184526,
154693333,-8.435024233,148.3591835,-5.538087632,-113.913851,-7.05679892,-163.6355438,
154751111,-8.817559842,138.9566727,-6.252036982,-123.0933966,-5.88504781,-168.6577024,
154808888,-9.619784925,128.5486922,-7.161974647,-132.1717643,-4.929040012,-174.1853081,
154866666,-10.94573347,116.8452689,-8.307877807,-140.9156488,-4.156686421,179.9159135,
154924444,-12.9946557,102.9266471,-9.749197123,-149.0473724,-3.549383959,173.7992849,
154982222,-16.12229351,84.05969631,-11.54834547,-155.8944854,-3.090484558,167.5699848,
155040000,-20.58891378,49.29399529,-13.80917957,-160.4412717,-2.770730337,161.343315,
155097777,-21.67746301,-18.31024078,-16.60507554,-160.3605165,-2.570708824,155.2706167,
155155555,-17.04265013,-61.59892522,-19.73690368,-150.7409993,-2.477996653,149.3742532,
155213333,-13.32581889,-81.86896941,-21.66448146,-126.8760157,-2.472057965,143.7523108,
155271111,-10.75574287,-95.00129069,-20.53320399,-102.8225773,-2.539149708,138.4140723,
155328888,-8.899255092,-105.1410415,-18.23720977,-92.20245657,-2.66033493,133.3877819,
155386666,-7.509587237,-113.5851149,-16.23829726,-90.06724146,-2.824851332,128.6359681,
155444444,-6.438784571,-120.9460616,-14.69017917,-91.81867998,-3.01979644,124.1456284,
155502222,-5.599814911,-127.4455963,-13.49950787,-95.35600961,-3.238272821,119.8700624,
155560000,-4.933393101,-133.3133905,-12.57373367,-99.7599871,-3.478848746,115.7754228,
155617777,-4.404376157,-138.6318144,-11.84195832,-104.6256745,-3.732322018,111.7800868,
155675555,-3.979517207,-143.4905392,-11.25543133,-109.756011,-4.003301432,107.9006866,
155733333,-3.64036176,-147.9282927,-10.78000651,-115.0022587,-4.285868398,104.0775738,
155791111,-3.369645415,-152.0100683,-10.39212183,-120.3346731,-4.584807663,100.2368859,
155848888,-3.156234931,-155.7788154,-10.07168666,-125.7283166,-4.901683528,96.36712735,
155906666,-2.990778127,-159.232572,-9.806752308,-131.1986721,-5.243979021,92.39550448,
155964444,-2.864422102,-162.4088526,-9.585930982,-136.7087428,-5.617352517,88.2593832,
156022222,-2.771600069,-165.3217266,-9.403108531,-142.3054621,-6.032072012,83.91916944,
156080000,-2.70510464,-167.9699696,-9.253055097,-147.9916381,-6.503856941,79.26190251,
156137777,-2.661086785,-170.3715322,-9.12892534,-153.8458882,-7.051470313,74.23514424,
156195555,-2.631084574,-172.5200477,-9.027312012,-159.8622928,-7.706862737,68.69992806,
156253333,-2.609725447,-174.4100669,-8.956030342,-166.1401942,-8.514811904,62.454961,
156311111,-2.594083239,-176.0501556,-8.912552499,-172.7028579,-9.540715651,55.30672292,
156368888,-2.573369018,-177.4456493,-8.904088611,-179.6676034,-10.89219477,46.82168802,
156426666,-2.537645022,-178.5922012,-8.948240774,172.9197708,-12.75097964,36.11188262,
156484444,-2.478599692,-179.553541,-9.060128595,164.9917131,-15.43880947,21.04251345,
156542222,-2.382620974,179.5961877,-9.26573761,156.5021242,-19.40251708,-5.946588211,
156600000,-2.245303103,178.8035151,-9.597394951,147.4797954,-22.22080739,-66.68519524,
156657777,-2.065179743,177.9204076,-10.08680365,137.9580126,-17.89807184,-121.5680987,
156715555,-1.850983784,176.7838977,-10.77198681,128.1129213,-13.52738457,-147.2554126,
156773333,-1.622105936,175.346862,-11.68117388,118.1467781,-10.4837637,-163.8740811,
156831111,-1.398096057,173.5692488,-12.83514292,108.2806861,-8.32774408,-177.2809333,
156888888,-1.198656545,171.4964164,-14.25285198,98.75011057,-6.769430386,171.0530577,
156946666,-1.034254623,169.2422385,-15.94871515,89.65557558,-5.633598484,160.6157022,
157004444,-0.9042539643,166.8755887,-17.9597947,81.04433928,-4.800876043,151.1696295,
157062222,-0.8055150563,164.460071,-20.36760476,72.87218615,-4.188267091,142.6212643,
157120000,-0.7351228112,162.0599608,-23.34539171,64.81657758,-3.738972275,134.8509915,
157177777,-0.6871163286,159.6743927,-27.36070782,56.21696487,-3.404893405,127.7465948,
157235555,-0.6580255948,157.3461919,-33.79702029,43.66714892,-3.158893264,121.1986378,
157293333,-0.6433517545,155.0323908,-46.7079649,-47.11883598,-2.977778737,115.1505639,
157351111,-0.6396557043,152.7173186,-34.14460362,-121.4117733,-2.842427911,109.4923258,
157408888,-0.6478372419,150.4138753,-28.86695903,-132.3100127,-2.743153342,104.1735864,
157466666,-0.6669360054,148.1324493,-25.83292936,-139.1025345,-2.671011531,99.16701526,
157524444,-0.6965201701,145.8176181,-23.73348244,-144.694366,-2.618929518,94.36872988,
157582222,-0.7361246364,143.478963,-22.1620071,-149.8117761,-2.583271182,89.80059765,
157640000,-0.7885489566,141.1238918,-20.90624497,-154.6272867,-2.559197026,85.37051089,
157697777,-0.8551751724,138.7345723,-19.87107264,-159.2450222,-2.545734276,81.104238,
157755555,-0.9383302257,136.3057461,-18.99376342,-163.760644,-2.540405827,76.95845494,
157813333,-1.035673681,133.8455079,-18.23495524,-168.2219747,-2.543469097,72.91477483,
157871111,-1.153937345,131.3775549,-17.57300068,-172.6619222,-2.551756017,68.98224117,
157928888,-1.293098099,128.8653545,-16.98583143,-177.1067563,-2.564235759,65.11409389,
157986666,-1.453699274,126.3780575,-16.47082974,178.429812,-2.580856058,61.30971235,
158044444,-1.636305785,123.9257698,-16.00958304,173.9639363,-2.600699886,57.57089012,
158102222,-1.840616895,121.4704079,-15.60583796,169.5471932,-2.623432287,53.90228633,
158160000,-2.064611682,119.0669533,-15.24677028,165.1334607,-2.649868826,50.26210468,
158217777,-2.306469846,116.7551569,-14.92669808,160.7775715,-2.674095779,46.69327702,
158275555,-2.562340859,114.5049034,-14.64670415,156.4909757,-2.701835211,43.14476637,
158333333,-2.829591926,112.3262838,-14.3939885,152.2734997,-2.728091324,39.62485938,
158391111,-3.101763719,110.1980953,-14.16715915,148.1324226,-2.752816596,36.13722491,
158448888,-3.384679194,108.1084578,-13.96155129,144.0956621,-2.779546792,32.66526225,
158506666,-3.667693144,106.0573079,-13.7650972,140.1770505,-2.803106888,29.21242503,
158564444,-3.954060315,103.9698273,-13.58130948,136.3245017,-2.829409026,25.77394739,
158622222,-4.242928935,101.8302334,-13.40086639,132.5287877,-2.852671111,22.33663999,
158680000,-4.536849915,99.60623131,-13.21890876,128.8138554,-2.875907355,18.82723014,
158737777,-4.840303072,97.24686695,-13.03539851,125.1127117,-2.899296897,15.36170943,
158795555,-5.156867984,94.7267397,-12.84639947,121.4285868,-2.922532856,11.91178738,
158853333,-5.490831941,92.01282247,-12.65650356,117.7514473,-2.948252825,8.452030145,
158911111,-5.851050077,89.09473041,-12.45629956,114.0274881,-2.971373454,4.975235934,
158968888,-6.239826506,85.88728509,-12.25559584,110.299495,-2.999029003,1.508775771,
159026666,-6.668496272,82.40629378,-12.04997493,106.5098774,-3.026581242,-1.974965658,
159084444,-7.142040286,78.57920814,-11.84077289,102.660877,-3.056290434,-5.476286848,
159142222,-7.67102614,74.39044093,-11.62960455,98.75172791,-3.087774806,-8.975950159,
159200000,-8.25918672,69.7154221,-11.41775675,94.7703581,-3.121328386,-12.47951532,
159257777,-8.923986579,64.47672355,-11.20707515,90.68534458,-3.155928071,-16.01439613,
159315555,-9.666512791,58.56766503,-10.99723919,86.52666537,-3.194445885,-19.55063865,
159373333,-10.4961545,51.76824248,-10.79246847,82.29437116,-3.234673882,-23.10652272,
159431111,-11.41713382,43.86503865,-10.5911701,77.9830536,-3.277192889,-26.68554356,
159488888,-12.41275819,34.47499585,-10.39903115,73.61281992,-3.322285742,-30.27262002,
159546666,-13.45393638,23.13126439,-10.2125708,69.16098512,-3.368987009,-33.87772743,
159604444,-14.43440872,9.383778441,-10.03982938,64.66135582,-3.420144502,-37.5010542,
159662222,-15.19612962,-6.97757854,-9.875686759,60.09748027,-3.474984428,-41.16809344,
159720000,-15.52061177,-25.28044255,-9.723719693,55.53043587,-3.531548515,-44.85375305,
159777777,-15.28229226,-43.81618486,-9.584267521,50.95012113,-3.590775068,-48.58325904,
159835555,-14.57756431,-60.6910114,-9.454895015,46.38472799,-3.654983488,-52.34060038,
159893333,-13.60926035,-75.11308447,-9.335378285,41.83392135,-3.723651348,-56.17180017,
159951111,-12.56972882,-87.09561157,-9.22425568,37.33175917,-3.800308739,-60.03656485,
160008888,-11.55739598,-97.07892164,-9.115026028,32.8818875,-3.882541507,-63.96222075,
160066666,-10.63085335,-105.548788,-9.012058786,28.50852696,-3.976978076,-67.96897175,
160124444,-9.804895644,-112.8850883,-8.907432118,24.16298548,-4.082923796,-72.05054439,
160182222,-9.077015772,-119.3186946,-8.797092761,19.90524681,-4.201901128,-76.18685245,
160240000,-8.444592199,-125.0764092,-8.679750086,15.68805756,-4.336157699,-80.4041887,
160297777,-7.89959481,-130.2837615,-8.548686327,11.5078286,-4.488475516,-84.68251924,
160355555,-7.430298531,-134.9985271,-8.402988733,7.371170079,-4.657544343,-89.01253861,
160413333,-7.035499844,-139.3154668,-8.237780361,3.223707544,-4.84839025,-93.38467177,
160471111,-6.700894345,-143.3120821,-8.057839328,-0.987689245,-5.056098445,-97.78601914,
160528888,-6.420971482,-146.9604149,-7.85559824,-5.25926996,-5.282312948,-102.2554688,
160586666,-6.19376265,-150.3113738,-7.636998589,-9.628921663,-5.524449984,-106.7388993,
160644444,-6.009092498,-153.4310526,-7.406654097,-14.15632116,-5.780130811,-111.2951056,
160702222,-5.865107433,-156.2723359,-7.160428645,-18.84340379,-6.039586628,-115.9264002,
160760000,-5.758769679,-158.8771021,-6.909248866,-23.69019065,-6.303821783,-120.665079,
160817777,-5.686608511,-161.2767088,-6.655327205,-28.75939148,-6.569607962,-125.6337305,
160875555,-5.647516328,-163.4450505,-6.402001871,-34.00420699,-6.830467596,-130.8836985,
160933333,-5.638176924,-165.3649138,-6.155402474,-39.51799912,-7.094664333,-136.5952536,
160991111,-5.657665638,-167.0746437,-5.917464589,-45.19574632,-7.358390801,-142.8101477,
161048888,-5.707373578,-168.5030128,-5.694671232,-51.11703328,-7.635618285,-149.712093,
161106666,-5.780897926,-169.6034934,-5.487031924,-57.23648891,-7.924977103,-157.4416164,
161164444,-5.87567516,-170.336515,-5.299479853,-63.58544774,-8.232366507,-166.1652016,
161222222,-5.979672426,-170.6637426,-5.139017479,-70.17685895,-8.56066805,-176.0596812,
161280000,-6.077734737,-170.504146,-5.010326462,-76.98139356,-8.90064089,172.7410758,
161337777,-6.151181775,-169.8477263,-4.920601412,-84.03374059,-9.228311126,160.0738974,
161395555,-6.170156812,-168.7274843,-4.876746443,-91.27329873,-9.508404418,145.8585081,
161453333,-6.113158292,-167.2014775,-4.886088571,-98.68475024,-9.685860382,130.192443,
161511111,-5.958973924,-165.5220154,-4.957977516,-106.2444371,-9.708236884,113.449798,
161568888,-5.703327703,-163.9085386,-5.096582814,-113.8763355,-9.534298229,96.1306599,
161626666,-5.355902883,-162.5875238,-5.302589569,-121.5225489,-9.167481047,78.99565661,
161684444,-4.944144391,-161.732194,-5.580091012,-129.0926011,-8.653297549,62.59116661,
161742222,-4.502359801,-161.4390177,-5.928166355,-136.5265299,-8.053503442,47.3102753,
161800000,-4.052456108,-161.6565007,-6.337797561,-143.7443168,-7.429295456,33.32627883,
161857777,-3.619878514,-162.358077,-6.80544116,-150.6933325,-6.826733023,20.5604723,
161915555,-3.219191946,-163.4351069,-7.323216531,-157.342444,-6.26991598,8.945512148,
161973333,-2.858893298,-164.8084052,-7.881363491,-163.7008195,-5.77244489,-1.689203685,
162031111,-2.538256572,-166.3475796,-8.475796597,-169.6702463,-5.335882749,-11.40363386,
162088888,-2.255154007,-168.025339,-9.096997478,-175.3346483,-4.960796673,-20.39749999,
162146666,-2.010803212,-169.7732468,-9.741510733,179.33137,-4.639717568,-28.74474255,
162204444,-1.799223089,-171.5485345,-10.40499843,174.3159556,-4.370543754,-36.53189557,
162262222,-1.616603292,-173.3135603,-11.08431243,169.5587109,-4.141057304,-43.84528016,
162320000,-1.458802937,-175.0813551,-11.77966611,165.0940399,-3.956005366,-50.79641998,
162377777,-1.321659837,-176.8157314,-12.49002742,160.880285,-3.805467443,-57.42034349,
162435555,-1.204080553,-178.4931306,-13.21794015,156.9182693,-3.687075798,-63.76508492,
162493333,-1.103569566,179.8851918,-13.96818589,153.15128,-3.600647791,-69.91768465,
162551111,-1.01456818,178.3004364,-14.74180824,149.654256,-3.543666551,-75.92365826,
162608888,-0.9375794723,176.7632914,-15.55426454,146.3579641,-3.51820784,-81.83425495,
162666666,-0.8690953819,175.2720767,-16.40762644,143.3207145,-3.524259795,-87.71286233,
162724444,-0.8117163517,173.8417117,-17.3163133,140.6102895,-3.5673697,-93.59523645,
162782222,-0.7594109775,172.4276012,-18.29711098,138.2659735,-3.649844677,-99.55230093,
162840000,-0.7135933659,171.0622262,-19.38379432,136.4229357,-3.783993147,-105.6437798,
162897777,-0.6733965313,169.7315307,-20.59258352,135.523739,-3.982884467,-111.9532612,
162955555,-0.6394130386,168.4225135,-21.95536476,135.9977695,-4.261192241,-118.5710801,
163013333,-0.6082068593,167.1666541,-23.47484754,138.8910176,-4.649449032,-125.5587716,
163071111,-0.5836048591,165.9081827,-25.03771625,145.7008622,-5.189458466,-133.0796606,
163128888,-0.5638871924,164.645495,-26.22931298,158.2136928,-5.947297614,-141.2132964,
163186666,-0.5499745395,163.4515456,-26.25447379,174.6772093,-7.022238516,-150.1706116,
163244444,-0.5427319489,162.2528798,-24.94037338,-171.8984951,-8.594515097,-160.0681944,
163302222,-0.5443082553,161.1149354,-23.03631423,-165.5054579,-11.00370876,-171.2637878,
163360000,-0.5525431495,160.0056182,-21.20595249,-165.1092564,-15.07762206,175.2819984,
163417777,-0.5654838231,158.9515034,-19.68944114,-168.5889456,-24.26317513,150.3229856,
163475555,-0.5818033167,157.9697611,-18.54547596,-174.2662575,-23.2733604,-2.108586868,
163533333,-0.5952672291,157.0528896,-17.75698933,179.0055174,-14.61718326,-24.95187234,
163591111,-0.6045963361,156.1925318,-17.27649369,171.9187273,-10.62250436,-38.04666643,
163648888,-0.6088575725,155.3622287,-17.03393076,165.0480264,-8.202254708,-48.94862953,
163706666,-0.6095851731,154.5633625,-16.96722661,158.5654026,-6.591644434,-58.45579984,
163764444,-0.6044351762,153.7381186,-17.0351017,152.644703,-5.465442023,-66.93273269,
163822222,-0.5994591233,152.934543,-17.1842611,147.2209259,-4.652766449,-74.49519902,
163880000,-0.5930073595,152.0976915,-17.3933297,142.2789273,-4.047687074,-81.29489666,
163937777,-0.5868948563,151.248388,-17.63007253,137.7880269,-3.589888187,-87.46070752,
163995555,-0.5787380976,150.4401114,-17.88468288,133.6292891,-3.235113558,-93.10531607,
164053333,-0.5736327459,149.5887379,-18.15447709,129.7665217,-2.956545797,-98.32774274,
164111111,-0.5710647725,148.7348109,-18.41816436,126.1017772,-2.734334018,-103.1707193,
164168888,-0.5674855371,147.9033055,-18.67222953,122.6488433,-2.553578348,-107.7199313,
164226666,-0.5655505098,147.0463105,-18.92374622,119.2730382,-2.405993093,-112.0309534,
164284444,-0.5671167867,146.1902031,-19.15258593,115.9546966,-2.285457069,-116.1584169,
164342222,-0.5694170664,145.330955,-19.36267478,112.654768,-2.18486933,-120.1265579,
164400000,-0.5759826321,144.4768014,-19.54882086,109.2763709,-2.10047278,-123.9831006,
164457777,-0.5840172657,143.5969115,-19.70948697,105.6604618,-2.032059276,-127.7944338,
164515555,-0.5950992638,142.7130332,-19.8162576,101.9168219,-1.977328469,-131.5353715,
164573333,-0.6123798369,141.8299382,-19.88007799,97.8088941,-1.936964652,-135.2892159,
164631111,-0.6327842932,140.9481674,-19.87585717,93.21757127,-1.914249153,-139.1245131,
164688888,-0.6633739412,140.0609306,-19.79241425,87.87586412,-1.9123397,-143.0828934,
164746666,-0.7033402179,139.1732536,-19.60501147,81.52610974,-1.943761326,-147.2521165,
164804444,-0.7593969626,138.3234418,-19.2878399,73.69267654,-2.028948866,-151.7642076,
164862222,-0.8380082947,137.5141224,-18.79983874,63.74619889,-2.21544611,-156.7669718,
164920000,-0.9432643054,136.9302289,-18.14048038,50.53433167,-2.606793219,-162.3817321,
164977777,-1.066812368,136.7991007,-17.38820434,32.59205122,-3.421210323,-168.0890475,
165035555,-1.13577353,137.4381995,-16.8383812,8.437015513,-4.960401553,-170.9036182,
165093333,-1.020445724,138.330372,-17.05602874,-20.73777247,-6.638062024,-163.0428393,
165151111,-0.7780077013,138.1810954,-18.2518888,-49.54520748,-6.279303755,-149.929137,
165208888,-0.5909747649,137.0399607,-19.87179677,-73.4766974,-4.910367239,-146.248448,
165266666,-0.4952532742,135.6120824,-21.36351066,-92.13357857,-3.916695311,-148.1466476,
165324444,-0.457869197,134.2359617,-22.50022711,-106.5596879,-3.308466712,-151.4802019,
165382222,-0.4468547565,132.97229,-23.27915165,-117.754384,-2.929415298,-155.0087283,
165440000,-0.4496863126,131.7787876,-23.7677313,-126.4717511,-2.681647932,-158.3963208,
165497777,-0.4605129584,130.6446629,-24.02719821,-133.1064542,-2.512409882,-161.6275761,
165555555,-0.4743132396,129.5835284,-24.11519768,-138.3444469,-2.392503807,-164.7046344,
165613333,-0.4916428421,128.5187368,-24.08165428,-142.3385077,-2.30464603,-167.6487235,
165671111,-0.5130740703,127.4788079,-23.95554152,-145.5311927,-2.239810872,-170.4937802,
165728888,-0.5337514908,126.4450508,-23.74531552,-148.082121,-2.189446216,-173.2578121,
165786666,-0.5555599899,125.4371189,-23.47456436,-150.0841692,-2.151921325,-175.9582263,
165844444,-0.5802792348,124.4201851,-23.15294369,-151.827441,-2.123238468,-178.6116368,
165902222,-0.6052978701,123.3964502,-22.79114556,-153.3352513,-2.10398538,178.7650762,
165960000,-0.6338275096,122.3714669,-22.39958147,-154.5672405,-2.08796854,176.1817317,
166017777,-0.6634682971,121.3270425,-21.97285077,-155.7680305,-2.07931593,173.6067278,
166075555,-0.6939965419,120.2747782,-21.53239303,-156.87581,-2.073366482,171.0284511,
166133333,-0.7255140183,119.2336722,-21.06307195,-157.9181156,-2.07160723,168.4790885,
166191111,-0.7621058237,118.1413575,-20.57425798,-158.9498905,-2.073671625,165.8948044,
166248888,-0.7995804771,117.0467579,-20.07492136,-159.99024,-2.080295108,163.3180585,
166306666,-0.8384801743,115.9330268,-19.55182836,-161.0538048,-2.088128926,160.7196506,
166364444,-0.8808243137,114.8031227,-19.01690031,-162.0761717,-2.09934148,158.1027843,
166422222,-0.9268544238,113.6227828,-18.46762867,-163.1707712,-2.115408749,155.4387695,
166480000,-0.9740238471,112.4212104,-17.90374764,-164.2948809,-2.133527329,152.7197454,
166537777,-1.025755268,111.1728926,-17.31785993,-165.4626125,-2.156683626,149.9547963,
166595555,-1.081103723,109.8856508,-16.70876343,-166.661846,-2.184695543,147.1143736,
166653333,-1.141921056,108.5394243,-16.08809108,-167.9622308,-2.217894533,144.1816922,
166711111,-1.207022263,107.1419618,-15.43202639,-169.3182845,-2.256374744,141.1664523,
166768888,-1.277329539,105.6486693,-14.75650999,-170.803886,-2.304934196,138.0073166,
166826666,-1.356550235,104.0568984,-14.04736789,-172.405364,-2.364637219,134.707798,
166884444,-1.446664981,102.3504097,-13.30691621,-174.1302109,-2.439725393,131.2069602,
166942222,-1.553008581,100.4908439,-12.53070673,-176.1224071,-2.531294543,127.4972496,
167000000,-1.674198404,98.46254736,-11.71073157,-178.3498391,-2.648957007,123.5098396,
167057777,-1.823951891,96.23373997,-10.85334489,179.0776805,-2.803859567,119.2076217,
167115555,-2.009998733,93.73384353,-9.949965566,176.1266124,-3.007408429,114.4650224,
167173333,-2.252465368,90.91330447,-9.007272022,172.6060683,-3.283386245,109.2190814,
167231111,-2.573509829,87.7312779,-8.030358722,168.3970497,-3.666878885,103.3759833,
167288888,-3.015479775,84.20255187,-7.033932835,163.4137631,-4.206076769,96.78777771,
167346666,-3.633480518,80.32455308,-6.043378557,157.4454433,-4.987259132,89.3517434,
167404444,-4.516357346,76.38870035,-5.096073074,150.3469854,-6.14421341,81.04741801,
167462222,-5.771682126,73.0065725,-4.245784074,142.0323248,-7.908338402,71.96318747,
167520000,-7.531099814,71.78885647,-3.559934749,132.6564562,-10.71770064,62.7576077,
167577777,-9.77331171,76.02258212,-3.088916267,122.4901106,-15.66643024,55.84483106,
167635555,-11.84842123,90.39730065,-2.871816939,112.0724117,-27.77916105,81.22871911,
167693333,-12.10256064,112.1489169,-2.893768994,101.935317,-19.48764071,-173.98796,
167751111,-10.56142078,127.394238,-3.110936175,92.57716383,-13.20726353,-175.7152221,
167808888,-8.79096124,133.7144511,-3.460708822,84.20781498,-10.05849427,177.4676638,
167866666,-7.370382277,135.2515443,-3.882509323,76.82417195,-8.143850688,170.3693449,
167924444,-6.307254284,134.6832379,-4.339864323,70.38264769,-6.876067987,163.7870369,
167982222,-5.512877766,133.2509033,-4.800219707,64.71794101,-5.987384288,157.8016601,
168040000,-4.912960473,131.4799036,-5.249193823,59.70240045,-5.340594591,152.3891,
168097777,-4.451180648,129.6259821,-5.676495422,55.22871319,-4.858545286,147.4759048,
168155555,-4.092762233,127.7459963,-6.078601648,51.17523021,-4.486342194,142.9596883,
168213333,-3.807346722,125.9466715,-6.453886571,47.44153493,-4.195990633,138.8009516,
168271111,-3.580602759,124.2010412,-6.802090929,43.96121183,-3.96445233,134.9020752,
168328888,-3.397361635,122.5152232,-7.125367378,40.75419147,-3.775241983,131.249326,
168386666,-3.249758124,120.9310766,-7.422923299,37.6885352,-3.622013103,127.7872123,
168444444,-3.129942351,119.4026822,-7.697679329,34.78919165,-3.492383352,124.4951351,
168502222,-3.035570698,117.9392662,-7.951000991,31.9584915,-3.384919227,121.3264728,
168560000,-2.959551017,116.5411104,-8.1855995,29.24360622,-3.292509061,118.2737424,
168617777,-2.90406507,115.1961249,-8.402370436,26.56775316,-3.215822034,115.3008448,
168675555,-2.866202931,113.9393503,-8.60135961,23.9396163,-3.147687072,112.4136654,
168733333,-2.844123056,112.7343592,-8.785297019,21.30151016,-3.091217395,109.5959627,
168791111,-2.836496875,111.6393471,-8.954572059,18.67423679,-3.041533833,106.829467,
168848888,-2.842339634,110.6738175,-9.115878017,15.96893586,-3.001647758,104.1045853,
168906666,-2.861513156,109.8513024,-9.270962363,13.16651513,-2.968500376,101.4102438,
168964444,-2.88602218,109.2818692,-9.427801617,10.2386793,-2.943923897,98.72255861,
169022222,-2.901105397,108.9945922,-9.597298037,7.114074417,-2.927989961,96.06048094,
169080000,-2.883284507,109.0770754,-9.804133084,3.791742735,-2.923939858,93.43332644,
169137777,-2.788546373,109.5060471,-10.08130005,0.3250875562,-2.937541651,90.8724362,
169195555,-2.572728599,109.9780646,-10.47065181,-3.041706497,-2.968187519,88.42602771,
169253333,-2.228243305,109.9239541,-10.9726187,-5.698505505,-3.005258883,86.18398128,
169311111,-1.836192026,108.7758536,-11.51682803,-7.099028708,-3.029826997,84.15074557,
169368888,-1.509243655,106.6134962,-11.96340362,-7.240559825,-3.026911967,82.19899349,
169426666,-1.299447951,103.9900643,-12.23233513,-6.828448125,-2.998938732,80.25691132,
169484444,-1.187013747,101.3007861,-12.34737903,-6.624051162,-2.958813277,78.19041583,
169542222,-1.14482624,98.7821061,-12.37252948,-6.857415022,-2.914453394,76.05533206,
169600000,-1.137190318,96.47872947,-12.36306201,-7.572435795,-2.874092211,73.85576653,
169657777,-1.151070579,94.34575795,-12.34292121,-8.629285717,-2.836928055,71.61355131,
169715555,-1.174441657,92.35941692,-12.32692898,-9.900465707,-2.804575704,69.37942259,
169773333,-1.201715465,90.4565365,-12.3164601,-11.39853868,-2.774509112,67.11426264,
169831111,-1.229970586,88.64031129,-12.3097888,-12.97992065,-2.74922444,64.84425706,
169888888,-1.258612779,86.86537813,-12.3121424,-14.65844448,-2.724176901,62.58971709,
169946666,-1.287018695,85.11230885,-12.31730934,-16.38027707,-2.702574811,60.33514016,
170004444,-1.31648784,83.39930567,-12.32832574,-18.13245597,-2.681377403,58.08809853,
170062222,-1.343914549,81.6766564,-12.34143767,-19.94679484,-2.661845953,55.85220214,
170120000,-1.373677762,79.95093745,-12.35795396,-21.77553704,-2.643966717,53.59507143,
170177777,-1.400446105,78.23751928,-12.37329824,-23.61929812,-2.625982628,51.34289794,
170235555,-1.430081278,76.49509115,-12.39160901,-25.43699254,-2.609519546,49.11536054,
170293333,-1.455871239,74.74134344,-12.4100035,-27.35669686,-2.593673638,46.89107713,
170351111,-1.485922825,72.96104347,-12.42821584,-29.212826,-2.576972638,44.66020724,
170408888,-1.513704084,71.15102785,-12.45026853,-31.14269415,-2.562678081,42.42927089,
170466666,-1.545322418,69.29575835,-12.46965036,-33.07158084,-2.54674758,40.20737304,
170524444,-1.574123051,67.42230563,-12.49012399,-35.01068141,-2.531525604,37.96766749,
170582222,-1.60667472,65.49595133,-12.51187378,-36.970842,-2.517197854,35.74284762,
170640000,-1.638130745,63.54345297,-12.52949385,-38.93210195,-2.501567025,33.51394158,
170697777,-1.672064794,61.53066664,-12.55317771,-40.92571081,-2.488431761,31.30522871,
170755555,-1.706039334,59.50767472,-12.5743488,-42.90335945,-2.472813841,29.08490578,
170813333,-1.741994826,57.41637536,-12.59747329,-44.94031178,-2.45745761,26.83662408,
170871111,-1.778357826,55.25956993,-12.62137197,-46.99725071,-2.443805335,24.60036361,
170928888,-1.816706929,53.05027822,-12.64693421,-49.0224772,-2.429677147,22.37787559,
170986666,-1.85583583,50.7809277,-12.67480734,-51.13105699,-2.416912474,20.12531148,
171044444,-1.896806019,48.45328124,-12.70232682,-53.22510749,-2.401427893,17.87662551,
171102222,-1.939582964,46.05955932,-12.73300492,-55.32440306,-2.387612674,15.62695224,
171160000,-1.982949478,43.61334777,-12.76689348,-57.47836918,-2.374023768,13.36739072,
171217777,-2.029202496,41.06319793,-12.8022872,-59.63899566,-2.35914416,11.09112883,
171275555,-2.076364896,38.45426347,-12.84130114,-61.82583063,-2.343826515,8.805230487,
171333333,-2.125429109,35.77113629,-12.88786823,-64.02786759,-2.331512197,6.495055323,
171391111,-2.175641935,32.99927636,-12.93473535,-66.2701523,-2.317322519,4.157639105,
171448888,-2.227218499,30.14000441,-12.98719144,-68.52004285,-2.303302881,1.823301271,
171506666,-2.28002512,27.19728813,-13.04670938,-70.77872043,-2.290274383,-0.5562266875,
171564444,-2.333924141,24.14900194,-13.11633685,-73.10504095,-2.278449781,-2.958147401,
171622222,-2.390567651,21.00775299,-13.19127539,-75.37805601,-2.266582299,-5.401345879,
171680000,-2.446582136,17.76729476,-13.27730974,-77.72074669,-2.255672638,-7.895131503,
171737777,-2.505195428,14.41745746,-13.37600921,-80.02715955,-2.246198199,-10.45148824,
171795555,-2.562837409,10.96018344,-13.48566204,-82.34122802,-2.236995299,-13.04458852,
171853333,-2.620960763,7.39343845,-13.61592335,-84.66774867,-2.231885406,-15.7453163,
171911111,-2.680391469,3.73601118,-13.76276962,-86.92820911,-2.230118804,-18.52568325,
171968888,-2.73943599,-0.07263804688,-13.93417096,-89.1485596,-2.231671809,-21.41248157,
172026666,-2.800084838,-3.988070927,-14.13266612,-91.30372343,-2.239919124,-24.48807853,
172084444,-2.858306784,-8.027874833,-14.36479403,-93.34133058,-2.255306382,-27.72843354,
172142222,-2.917015387,-12.18995213,-14.63282678,-95.13569016,-2.282274336,-31.21990757,
172200000,-2.97290768,-16.50713309,-14.95346155,-96.56620494,-2.326559539,-35.02779968,
172257777,-3.029871132,-20.92251805,-15.32453332,-97.49779786,-2.400019012,-39.26212753,
172315555,-3.090015729,-25.50506859,-15.75067464,-97.54146011,-2.514812343,-44.07397279,
172373333,-3.150521031,-30.23186162,-16.19731724,-96.19903896,-2.700838367,-49.67095144,
172431111,-3.220777978,-35.09696373,-16.5722069,-92.6575724,-3.010841752,-56.39259532,
172488888,-3.304854173,-40.10251585,-16.61253235,-86.37628049,-3.546079611,-64.79181444,
172546666,-3.419010039,-45.20716458,-15.89268106,-78.60035388,-4.527556073,-75.60244782,
172604444,-3.576167257,-50.22081992,-14.21187431,-73.60589244,-6.474944464,-89.87915187,
172662222,-3.767595316,-54.77261397,-12.09159341,-75.73717795,-10.79955437,-109.0035532,
172720000,-3.918739256,-58.65992101,-10.37098932,-84.83240368,-26.26510108,-152.1495454,
172777777,-3.938724882,-62.19219455,-9.486183499,-97.07030627,-13.88377565,42.60790279,
172835555,-3.850676356,-66.16336008,-9.308482988,-108.7163291,-8.165371514,23.03218852,
172893333,-3.735288563,-70.63816835,-9.508794423,-118.40508,-5.714762662,9.371162557,
172951111,-3.626383534,-75.48755258,-9.856464409,-126.3206051,-4.430429962,-0.900331952,
173008888,-3.535462731,-80.48958793,-10.23980188,-132.937476,-3.675640259,-8.903191659,
173066666,-3.455999692,-85.51984122,-10.61857367,-138.6847246,-3.19253975,-15.40850292,
173124444,-3.38510058,-90.57685151,-10.97696851,-143.8913973,-2.865435334,-20.92455622,
173182222,-3.317524335,-95.59405905,-11.3114832,-148.7463353,-2.626149402,-25.74201067,
173240000,-3.252677695,-100.568903,-11.62832434,-153.4050091,-2.448924372,-30.07733152,
173297777,-3.193666787,-105.501898,-11.9202556,-158.0197834,-2.310069568,-34.07279753,
173355555,-3.133388233,-110.3666537,-12.19185281,-162.6107573,-2.20103604,-37.86418445,
173413333,-3.075950774,-115.1654891,-12.44911763,-167.314003,-2.113730819,-41.55061515,
173471111,-3.022210589,-119.9001498,-12.68554303,-172.2354708,-2.04747063,-45.20169102,
173528888,-2.973744854,-124.5392441,-12.89903548,-177.4717405,-2.000710859,-48.93715249,
173586666,-2.930115627,-129.0632016,-13.09730796,176.7047988,-1.98049578,-52.85056827,
173644444,-2.896231232,-133.4643625,-13.2696991,170.021839,-2.001126921,-57.17219784,
173702222,-2.870064402,-137.683304,-13.42498709,161.867773,-2.096668629,-62.1719709,
173760000,-2.849122477,-141.5837145,-13.60366156,151.2047288,-2.362442763,-68.33091587,
173817777,-2.794195474,-144.9086819,-13.95703852,135.7063758,-3.071158441,-76.38911558,
173875555,-2.578067132,-147.5931884,-15.12372704,111.0503521,-5.121268184,-85.17585814,
173933333,-2.065836813,-151.4771624,-19.34252167,72.1012079,-9.661002093,-72.52201383,
173991111,-1.706731267,-158.1653664,-31.64506196,-5.684326312,-7.417159174,-37.86214079,
174048888,-1.676812509,-164.7839878,-26.21248768,-129.3763766,-4.484205832,-39.24004965,
174106666,-1.729853705,-170.5511934,-22.26025236,-154.6025345,-3.251678378,-45.17440794,
174164444,-1.781498785,-175.9411009,-20.713288,-168.4311467,-2.66381886,-50.34392918,
174222222,-1.826354887,178.744978,-19.96667203,-178.4759331,-2.335024054,-54.59997392,
174280000,-1.865617287,173.3275591,-19.54332173,173.1875578,-2.132917044,-58.2171979,
174337777,-1.915457793,167.6051359,-19.28590247,165.5403796,-1.993929342,-61.41152502,
174395555,-1.976882835,161.5129248,-19.08359422,158.1691217,-1.896471378,-64.29424956,
174453333,-2.059140018,154.8733211,-18.89993756,150.694249,-1.825158461,-66.96821421,
174511111,-2.182807271,147.4717095,-18.70359294,142.7691352,-1.772446242,-69.46832191,
174568888,-2.357097326,139.0743644,-18.45954466,134.1709969,-1.732761648,-71.8440848,
174626666,-2.610293889,129.2580076,-18.15892492,124.693123,-1.70886885,-74.10103226,
174684444,-2.983129031,117.4639332,-17.78778606,113.9191173,-1.69349379,-76.27557604,
174742222,-3.530374274,102.8129432,-17.35573906,101.6478005,-1.68912209,-78.34166873,
174800000,-4.311673203,84.10350484,-16.90433812,87.47649024,-1.695619315,-80.30074584,
174857777,-5.340560651,59.70755392,-16.48973835,71.53739527,-1.700457918,-82.06650507,
174915555,-6.401548444,27.91349831,-16.22421608,53.99272812,-1.700242971,-83.70209707,
174973333,-6.87969117,-9.921836575,-16.18745566,35.75855143,-1.680549002,-85.231349,
175031111,-6.356135154,-46.79059061,-16.41488259,17.96884769,-1.638757608,-86.76110226,
175088888,-5.323378394,-76.55354892,-16.82850364,1.687540428,-1.582144091,-88.39125278,
175146666,-4.338360045,-98.93919607,-17.33676441,-12.53652377,-1.526617392,-90.11101314,
175204444,-3.57460275,-115.8367579,-17.84187309,-24.63391594,-1.478073783,-91.91195792,
175262222,-3.017014666,-128.9413253,-18.29286132,-34.82859011,-1.43722883,-93.74644466,
175320000,-2.614366633,-139.4168839,-18.6590362,-43.33341347,-1.404768821,-95.58079242,
175377777,-2.319430941,-148.0549423,-18.93748461,-50.61503651,-1.378454047,-97.42029601,
175435555,-2.099484198,-155.2989567,-19.12828668,-56.74796037,-1.358076248,-99.24896021,
175493333,-1.93061919,-161.5674694,-19.246632,-62.06306342,-1.341735358,-101.0584889,
175551111,-1.802080112,-167.0533203,-19.29813834,-66.67780782,-1.329801855,-102.8329471,
175608888,-1.700343265,-171.9108619,-19.29075477,-70.77005205,-1.320118208,-104.6147489,
175666666,-1.619855063,-176.3192492,-19.23694313,-74.41745535,-1.312511341,-106.400779,
175724444,-1.556468354,179.6359385,-19.13965522,-77.71554903,-1.307771708,-108.1470632,
175782222,-1.506198647,175.9121415,-19.00523963,-80.78854886,-1.306122585,-109.9206335,
175840000,-1.468716247,172.4383056,-18.8407152,-83.65646006,-1.305771176,-111.6613283,
175897777,-1.439048661,169.157158,-18.65186186,-86.33891707,-1.307602622,-113.4150497,
175955555,-1.418008701,166.057282,-18.43173518,-88.91795437,-1.312944141,-115.1642555,
176013333,-1.404049771,163.10663,-18.20050464,-91.44363868,-1.319478223,-116.9203544,
176071111,-1.396782727,160.2730707,-17.94971702,-93.90996601,-1.328985314,-118.653789,
176128888,-1.397272919,157.5569622,-17.68429665,-96.39735838,-1.340620509,-120.3992012,
176186666,-1.40437451,154.9321235,-17.40207141,-98.79568878,-1.356982825,-122.1258552,
176244444,-1.418809989,152.3860493,-17.11423513,-101.2948858,-1.374985377,-123.871896,
176302222,-1.441343354,149.8992672,-16.81170321,-103.8388715,-1.398245803,-125.6096568,
176360000,-1.471898346,147.4655097,-16.50585696,-106.4583401,-1.424294254,-127.3448659,
176417777,-1.513132176,145.0952776,-16.19274926,-109.1805175,-1.455212548,-129.0928736,
176475555,-1.561891025,142.7786335,-15.8786118,-112.0140802,-1.492906659,-130.818845,
176533333,-1.622070521,140.520603,-15.56742203,-114.971377,-1.534642703,-132.5294071,
176591111,-1.696693848,138.358078,-15.26439325,-118.1342686,-1.583943263,-134.2150801,
176648888,-1.784679786,136.2287499,-14.97481483,-121.4892637,-1.638995289,-135.8891272,
176706666,-1.885800603,134.2332927,-14.70572736,-125.012068,-1.699951222,-137.4921556,
176764444,-2.001465652,132.3637173,-14.47484702,-128.8021681,-1.766119041,-139.0630341,
176822222,-2.126969563,130.6851303,-14.29460565,-132.7893662,-1.833589505,-140.526389,
176880000,-2.257716993,129.2241652,-14.18562118,-136.925748,-1.896754571,-141.9103208,
176937777,-2.377297854,128.0591919,-14.16538769,-141.1142799,-1.95006084,-143.1927914,
176995555,-2.471271295,127.1394418,-14.26138222,-145.1363608,-1.984608002,-144.3741008,
177053333,-2.518506026,126.4579271,-14.48489981,-148.726264,-1.989249486,-145.5486682,
177111111,-2.499902825,125.8326099,-14.8335136,-151.4000281,-1.9595936,-146.796036,
177168888,-2.413680154,125.0891404,-15.26613462,-152.5946925,-1.898134536,-148.231862,
177226666,-2.269573162,124.0204491,-15.67877601,-151.7915907,-1.814790977,-149.9742028,
177284444,-2.090457317,122.4682792,-15.91371388,-148.8281692,-1.724050672,-152.0607052,
177342222,-1.902721196,120.361068,-15.76151667,-144.3327729,-1.64504409,-154.5945513,
177400000,-1.729801219,117.6549427,-15.11085354,-139.6423398,-1.595094376,-157.5835313,
177457777,-1.599846947,114.2889019,-14.00499558,-136.5824844,-1.601324852,-161.0460645,
177515555,-1.547445156,110.2617815,-12.59317898,-136.2795484,-1.696222968,-165.0236582,
177573333,-1.631484927,105.5772335,-11.08514643,-139.383604,-1.940051816,-169.3482627,
177631111,-1.937461573,100.6022843,-9.732644112,-145.8817535,-2.391656671,-173.4746148,
177688888,-2.495563219,96.43582482,-8.806483996,-154.7484052,-3.013679917,-176.3720063,
177746666,-3.144212265,94.07734737,-8.3733392,-163.5630243,-3.585000094,-177.7440012,
177804444,-3.67386421,92.94966018,-8.158339444,-170.4413114,-3.991057196,-179.1769484,
177862222,-4.114510721,91.73799412,-7.805641303,-175.7819226,-4.420453712,177.9453481,
177920000,-4.657077167,90.19930127,-7.163789176,178.4884229,-5.195706279,173.5277497,
177977777,-5.477720266,89.61681683,-6.31831106,170.2492635,-6.785094388,168.8767227,
178035555,-6.486727628,93.3746059,-5.567316511,157.8658539,-9.96462961,170.7083454,
178093333,-6.663939487,103.3452543,-5.4278212,141.3208019,-12.82645057,-155.5293928,
178151111,-5.376624229,109.6809549,-6.320286047,123.7999605,-8.650144808,-129.2588727,
178208888,-4.043277359,107.5632366,-8.135235408,109.6823126,-5.345220269,-132.3731058,
178266666,-3.27657171,101.9047598,-10.44477782,100.9433897,-3.705745829,-140.2887186,
178324444,-2.925239585,95.51144785,-12.93110527,97.80849815,-2.883033998,-147.718112,
178382222,-2.822867297,89.09522974,-15.38622529,100.4962386,-2.456357824,-154.0967564,
178440000,-2.873133823,82.67918085,-17.45633709,109.7317715,-2.232909602,-159.6278273,
178497777,-3.039742108,76.08054311,-18.52537139,124.2814161,-2.126365297,-164.5654356,
178555555,-3.310203521,69.07940743,-18.22230877,138.8760586,-2.098076569,-169.0852306,
178613333,-3.690586483,61.50892163,-17.0219835,148.5764334,-2.127362017,-173.3790253,
178671111,-4.199402689,53.07765014,-15.55616427,152.9287557,-2.206153503,-177.5329319,
178728888,-4.869046698,43.45762287,-14.13824678,153.3849785,-2.330991747,178.3800287,
178786666,-5.736867558,32.21136295,-12.87729759,151.1317418,-2.502733312,174.2618774,
178844444,-6.843988308,18.67083249,-11.79934163,146.8707011,-2.72487035,170.0520304,
178902222,-8.205556648,1.674273019,-10.92724414,141.1632597,-3.004113301,165.6395416,
178960000,-9.705152783,-20.42694906,-10.28167971,134.3484605,-3.356572534,160.8762299,
179017777,-10.88314223,-49.16740099,-9.893050213,126.7240121,-3.808629001,155.4482441,
179075555,-10.95814289,-82.06261054,-9.805756386,118.7839128,-4.438709995,148.9080021,
179133333,-9.815622895,-111.994848,-10.06098049,111.2503628,-5.41245617,140.592741,
179191111,-8.222526169,-135.431138,-10.66778164,105.41994,-7.113798241,129.6362331,
179248888,-6.758623502,-153.4787958,-11.47313037,103.3722464,-10.50534258,114.9213509,
179306666,-5.605323572,-167.9153569,-11.85073719,105.9693568,-19.61821615,92.11594002,
179364444,-4.76643132,-179.5480605,-11.28398552,108.3298999,-18.49713465,-87.35086704,
179422222,-4.152753313,171.1314965,-10.38422596,105.8045662,-9.991073971,-109.2119094,
179480000,-3.670697509,163.5003489,-9.76099381,99.97407209,-6.634187986,-124.0983638,
179537777,-3.274620195,157.0010418,-9.484331806,93.25364863,-4.904949531,-135.5600938,
179595555,-2.941516986,151.321023,-9.437468344,86.76388099,-3.910150355,-144.5667882,
179653333,-2.663699135,146.2339477,-9.526358876,80.84191648,-3.294881434,-151.8547419,
179711111,-2.434375036,141.62068,-9.692040421,75.4455209,-2.89180599,-157.9136,
179768888,-2.245718729,137.3779074,-9.891301604,70.50930441,-2.615786549,-163.1182092,
179826666,-2.088505942,133.4711548,-10.10685575,65.97199097,-2.423353575,-167.7114311,
179884444,-1.959733237,129.8301482,-10.32198105,61.71280377,-2.287773761,-171.877092,
179942222,-1.853390966,126.4504398,-10.52844139,57.66145777,-2.195989906,-175.7214807,
180000000,-1.767827142,123.2492193,-10.72360496,53.80934224,-2.136413357,-179.344301,
180057777,-1.6990485,120.2244536,-10.89907916,50.01392927,-2.102849612,177.1803367,
180115555,-1.644124828,117.3697917,-11.05033945,46.27315545,-2.098187883,173.7878574,
180173333,-1.604103886,114.6314191,-11.17429604,42.44103467,-2.120467651,170.390868,
180231111,-1.576818647,111.9971361,-11.26637135,38.51278998,-2.176054267,166.9470156,
180288888,-1.564395423,109.4772261,-11.32226119,34.31151662,-2.274131185,163.3879137,
180346666,-1.568603838,107.0613212,-11.33988701,29.68528963,-2.433215622,159.5949963,
180404444,-1.590509308,104.755509,-11.31551876,24.41469927,-2.689872587,155.4918068,
180462222,-1.633296417,102.6354759,-11.25780974,18.10129619,-3.109614755,151.0291956,
180520000,-1.700896407,100.7594193,-11.20444133,10.17467889,-3.821640713,146.2700584,
180577777,-1.7816217,99.33022801,-11.2568545,-0.1973414867,-5.094538903,142.0610004,
180635555,-1.823110678,98.59073646,-11.67788732,-13.87699219,-7.307193268,142.7346653,
180693333,-1.719750337,98.27148724,-12.96143826,-30.32852967,-9.507610943,160.7752826,
180751111,-1.461940489,97.32489123,-15.6039358,-45.68306957,-7.763821341,-176.4297035,
180808888,-1.206920265,95.2409683,-19.59117868,-53.23617604,-5.111791076,-173.814064,
180866666,-1.049194578,92.64960873,-24.1659332,-45.52463328,-3.564048087,-178.5053419,
180924444,-0.9685820724,90.03047352,-26.9680399,-19.62475826,-2.736495971,176.0432886,
180982222,-0.9290073785,87.55410228,-26.40881338,4.004998407,-2.273983231,171.1874141,
181040000,-0.9085879152,85.20112539,-24.98129967,14.62028748,-1.998441561,166.9716448,
181097777,-0.8997825671,82.96494654,-23.8380474,18.23163746,-1.824523592,163.3065465,
181155555,-0.8957773695,80.81592534,-23.0511552,19.02353565,-1.709243305,160.0683899,
181213333,-0.8953585138,78.73759498,-22.50677359,18.52934884,-1.630799964,157.142393,
181271111,-0.895946555,76.69550383,-22.13746397,17.39904011,-1.573887521,154.4437889,
181328888,-0.8987999844,74.67993198,-21.88532018,15.9023792,-1.533971804,151.9111269,
181386666,-0.9000960699,72.68613623,-21.72406994,14.28394656,-1.504584278,149.5419657,
181444444,-0.9045897244,70.71407094,-21.62508129,12.53526841,-1.480492566,147.2888582,
181502222,-0.9084838779,68.78079274,-21.57729378,10.75754367,-1.465574601,145.1126154,
181560000,-0.9127044453,66.83411005,-21.56914522,8.912057268,-1.451650976,143.0105794,
181617777,-0.9165154834,64.89118221,-21.58992751,7.079297439,-1.443694485,140.9631493,
181675555,-0.9215132682,62.94516027,-21.63609641,5.229052702,-1.434118177,138.9796103,
181733333,-0.9268927573,61.00773275,-21.70055124,3.359280548,-1.429102442,137.0384356,
181791111,-0.9321912941,59.05324178,-21.78500418,1.530002444,-1.424970308,135.1316274,
181848888,-0.938224158,57.11804081,-21.8865929,-0.3534498028,-1.42170223,133.258928,
181906666,-0.9430748279,55.16248592,-22.00064793,-2.229527268,-1.420694229,131.40494,
181964444,-0.9500791055,53.18910973,-22.12816946,-4.085878258,-1.418291764,129.5646155,
182022222,-0.9569126564,51.20066503,-22.2679829,-5.960869209,-1.418680393,127.751135,
182080000,-0.9633811316,49.21450091,-22.42302603,-7.833860818,-1.420113487,125.9510507,
182137777,-0.9720236056,47.2139227,-22.58704727,-9.722886266,-1.420475516,124.1689328,
182195555,-0.9805475879,45.21141954,-22.76661185,-11.60371601,-1.420670201,122.3967366,
182253333,-0.9884498624,43.18083194,-22.95560121,-13.47848628,-1.421511033,120.6242505,
182311111,-0.9957937027,41.12679943,-23.16171675,-15.36727237,-1.423152578,118.866032,
182368888,-1.005793046,39.06333361,-23.37628446,-17.24129764,-1.42602073,117.1114568,
182426666,-1.014957615,36.98921473,-23.6129733,-19.19546049,-1.427033611,115.3513207,
182484444,-1.024250584,34.86452351,-23.85416687,-21.08544733,-1.430041479,113.6161897,
182542222,-1.034895575,32.72076684,-24.12654819,-23.01792479,-1.431291587,111.8653287,
182600000,-1.044425336,30.55846544,-24.4099331,-24.96545863,-1.433849366,110.1313287,
182657777,-1.055827049,28.36576528,-24.72521081,-26.95932177,-1.435753176,108.3852226,
182715555,-1.066621262,26.14127397,-25.06036706,-28.94546021,-1.438104136,106.6373569,
182773333,-1.078266321,23.88930013,-25.42782094,-30.88661289,-1.44001579,104.903994,
182831111,-1.091788747,21.60346813,-25.82715929,-32.92114879,-1.444211516,103.1418734,
182888888,-1.103988286,19.27537952,-26.26854003,-34.877787,-1.445784702,101.3985649,
182946666,-1.117260547,16.91179123,-26.75644427,-36.89792082,-1.449545947,99.65433019,
183004444,-1.13150003,14.5019338,-27.30972858,-38.92015837,-1.451054131,97.89990041,
183062222,-1.146417926,12.05978067,-27.92620232,-40.99134574,-1.453984902,96.14280579,
183120000,-1.162611363,9.564692484,-28.63023215,-43.05811773,-1.456236865,94.37766787,
183177777,-1.178837507,7.01422576,-29.46443368,-45.13720494,-1.458309117,92.60139573,
183235555,-1.195767248,4.385375486,-30.43266291,-47.15864592,-1.461690029,90.81190893,
183293333,-1.215017523,1.732963423,-31.60433215,-49.07040788,-1.464267933,89.01366316,
183351111,-1.234813563,-1.018563628,-33.0697495,-50.93153332,-1.46638118,87.21219673,
183408888,-1.25597193,-3.842241731,-34.9828764,-52.65197564,-1.469625205,85.39550018,
183466666,-1.282193147,-6.719873503,-37.63531062,-53.66022095,-1.472597761,83.57300036,
183524444,-1.307341324,-9.721747028,-41.90193043,-53.06540614,-1.474544083,81.72802217,
183582222,-1.336588637,-12.79098463,-51.34528833,-36.82498893,-1.478165975,79.85416202,
183640000,-1.367947802,-16.00385324,-47.77129252,94.75551574,-1.483319744,77.9756815,
183697777,-1.407424367,-19.31739295,-39.49510594,103.4088066,-1.486899819,76.08912891,
183755555,-1.449465172,-22.76655777,-34.97115761,103.420582,-1.492145953,74.15763536,
183813333,-1.49713832,-26.4125367,-31.76656866,101.3190948,-1.498855991,72.21138704,
183871111,-1.554442123,-30.23986113,-29.19198577,99.0137352,-1.507372595,70.2235568,
183928888,-1.622720571,-34.29964317,-27.01493251,96.04382001,-1.516751163,68.21731481,
183986666,-1.703655187,-38.59456239,-25.09722245,92.84083417,-1.529023959,66.16720412,
184044444,-1.802915177,-43.16880125,-23.35159139,89.318565,-1.545024726,64.08395275,
184102222,-1.92267463,-48.10710198,-21.72731435,85.44447584,-1.567240832,61.93664484,
184160000,-2.073017617,-53.46234755,-20.20128255,81.23996528,-1.594701213,59.74801177,
184217777,-2.258093275,-59.31162908,-18.73905835,76.65309483,-1.632295618,57.51936575,
184275555,-2.499572198,-65.77430291,-17.33087072,71.60127438,-1.680762626,55.21019208,
184333333,-2.811682196,-72.97331779,-15.97623045,66.03966959,-1.747530416,52.86816041,
184391111,-3.219118466,-81.05767114,-14.66686788,59.89669828,-1.834375503,50.48236818,
184448888,-3.762269628,-90.31663234,-13.42700257,53.03250885,-1.952382766,48.04864094,
184506666,-4.487053218,-100.8540572,-12.22082824,45.45165649,-2.09618699,45.69732871,
184564444,-5.462548857,-113.2372801,-11.12279486,37.06332095,-2.282004524,43.47057158,
184622222,-6.772878487,-127.9960168,-10.14655733,27.86833784,-2.50589771,41.44679444,
184680000,-8.49098998,-146.1797495,-9.321081184,17.96969434,-2.752089157,39.80583137,
184737777,-10.60060038,-169.8607069,-8.680801596,7.585154027,-3.004636817,38.61064901,
184795555,-12.62786283,157.9889116,-8.234622993,-3.007065286,-3.221729059,37.88617168,
184853333,-13.31393855,118.6653529,-7.979066377,-13.42049889,-3.382843058,37.51617583,
184911111,-12.20171949,83.54217978,-7.89126841,-23.46300569,-3.474121752,37.22968274,
184968888,-10.5255533,58.15770061,-7.928088887,-32.9261891,-3.500326767,36.88889368,
185026666,-9.060444594,39.81692933,-8.057067024,-41.76238372,-3.483323812,36.32158633,
185084444,-7.944779083,25.67374872,-8.23761889,-50.00347957,-3.439484633,35.50099722,
185142222,-7.132784957,14.08343489,-8.450180601,-57.75707823,-3.390477926,34.4456871,
185200000,-6.572375116,4.557889358,-8.704636377,-65.01424962,-3.391036099,33.49946136,
185257777,-6.216502586,-4.581528358,-8.905870441,-72.35278885,-3.319259983,31.82181671,
185315555,-6.052397292,-12.46249758,-9.137820768,-79.53239093,-3.308184113,30.39795456,
185373333,-6.079459514,-19.64947757,-9.379839584,-86.90242433,-3.321574585,28.98188333,
185431111,-6.324632987,-26.09898858,-9.664010344,-94.70705028,-3.352215309,27.66540039,
185488888,-6.846190895,-31.36066413,-10.03850022,-103.1964978,-3.398312934,26.59311468,
185546666,-7.682522165,-34.27193585,-10.60642595,-112.580359,-3.434695942,25.91327895,
185604444,-8.678365444,-32.33988306,-11.52821834,-122.6346234,-3.405594261,25.66818787,
185662222,-9.085375189,-23.92361549,-13.0228491,-132.2335275,-3.254480553,25.50555815,
185720000,-8.11970988,-15.1520931,-15.22178611,-138.5080132,-2.982725757,24.82251581,
185777777,-6.49974992,-13.1458336,-17.84467697,-137.0562068,-2.674635052,23.19363776,
185835555,-5.135827541,-16.40173439,-19.76948955,-125.6227282,-2.421999159,20.81194717,
185893333,-4.197449927,-21.739695,-19.9789168,-111.7617537,-2.246661146,18.05218017,
185951111,-3.578402678,-27.42785191,-19.17242269,-103.6997024,-2.135035145,15.23527134,
186008888,-3.16911786,-32.91650403,-18.24923631,-101.0093146,-2.073314812,12.484193,
186066666,-2.887818659,-38.04152984,-17.48282106,-101.1926835,-2.03628869,9.821637324,
186124444,-2.688510275,-42.78409102,-16.89085748,-102.7867386,-2.016493005,7.264902207,
186182222,-2.544145882,-47.20300139,-16.42654896,-105.1440141,-2.007510829,4.713883462,
186240000,-2.436797874,-51.39471458,-16.06815085,-107.8224826,-2.007138252,2.213187573,
186297777,-2.352119915,-55.31617174,-15.7756479,-110.727257,-2.011422126,-0.2572368629,
186355555,-2.285190653,-59.09105273,-15.52916849,-113.713313,-2.020461948,-2.724986558,
186413333,-2.230997542,-62.67895399,-15.31898067,-116.7129623,-2.031053663,-5.194184725,
186471111,-2.189732973,-66.15633311,-15.13329941,-119.8050161,-2.049641332,-7.665097652,
186528888,-2.152840065,-69.55587611,-14.96088577,-122.8908285,-2.069665135,-10.1689764,
186586666,-2.124584448,-72.89722991,-14.80069635,-125.9918805,-2.095084147,-12.67936534,
186644444,-2.099296801,-76.13775409,-14.64385195,-129.1351119,-2.122197724,-15.24204737,
186702222,-2.081264109,-79.36173835,-14.49433078,-132.3137538,-2.1536958,-17.84523341,
186760000,-2.068264244,-82.54993783,-14.34129963,-135.550353,-2.190798608,-20.5145643,
186817777,-2.05388437,-85.71360423,-14.18288808,-138.830273,-2.231651327,-23.24212997,
186875555,-2.047176738,-88.88944509,-14.02340196,-142.1728974,-2.283042794,-26.05971971,
186933333,-2.042456863,-92.05544004,-13.85674642,-145.5858251,-2.339259436,-28.93201719,
186991111,-2.043757277,-95.26625649,-13.68403957,-149.0789777,-2.40979039,-31.92356194,
187048888,-2.046485695,-98.47795023,-13.5009698,-152.740624,-2.485992715,-35.02528151,
187106666,-2.054895858,-101.7670027,-13.30921121,-156.4937636,-2.578318066,-38.24510025,
187164444,-2.065929066,-105.1382844,-13.10609389,-160.4429217,-2.684005255,-41.64578481,
187222222,-2.084671628,-108.6095984,-12.89459855,-164.553457,-2.810523646,-45.17937697,
187280000,-2.110686861,-112.1970962,-12.67413303,-168.8786012,-2.961001616,-48.92038671,
187337777,-2.142701481,-115.936841,-12.44371521,-173.4653714,-3.136956412,-52.9057905,
187395555,-2.184042229,-119.8952865,-12.20408991,-178.3633415,-3.347665349,-57.17336138,
187453333,-2.238605272,-124.088412,-11.961841,176.3618719,-3.605153889,-61.72556035,
187511111,-2.304986327,-128.604184,-11.71566814,170.6834123,-3.914831522,-66.67801119,
187568888,-2.390569823,-133.5107131,-11.47142301,164.4558916,-4.293022391,-72.10488245,
187626666,-2.499693466,-138.9919112,-11.24573528,157.6265616,-4.761753761,-78.04305113,
187684444,-2.639312283,-145.1799602,-11.04393558,150.0369303,-5.337844259,-84.63746506,
187742222,-2.81557666,-152.3190603,-10.88980205,141.5541718,-6.060193064,-92.07605793,
187800000,-3.046221332,-160.8552764,-10.82597739,131.9428224,-6.964998756,-100.6083589,
187857777,-3.35147536,-171.426197,-10.90038961,120.9028719,-8.096086358,-110.634,
187915555,-3.76292763,174.959317,-11.22096996,108.1464199,-9.501200757,-123.0522424,
187973333,-4.328286,156.5617274,-11.9826348,93.2815272,-11.16630621,-139.4559311,
188031111,-5.054169988,130.925073,-13.57614002,76.27879436,-12.87189858,-163.0150154,
188088888,-5.759219397,95.77012483,-16.83282098,59.00508534,-13.77427538,163.4754177,
188146666,-5.911453237,53.53327414,-23.56318757,54.38499506,-12.83817285,126.0787143,
188204444,-5.322766561,13.83423694,-26.8604123,120.9935611,-10.80135675,95.60996154,
188262222,-4.532748812,-16.59903344,-20.77300348,132.6164939,-8.850341164,73.47774976,
188320000,-3.897809693,-38.3500441,-18.20351219,122.5715008,-7.301090911,57.10897569,
188377777,-3.445103761,-54.03865447,-17.19236288,111.1107249,-6.113220678,44.37249502,
188435555,-3.12076624,-65.76365124,-16.92082774,100.5313499,-5.19401084,34.00412202,
188493333,-2.876129321,-74.91112193,-17.04835009,91.11582716,-4.474602098,25.2890692,
188551111,-2.686765888,-82.33371404,-17.41497922,82.68020851,-3.907586611,17.76519741,
188608888,-2.533378592,-88.55565661,-17.92552566,75.14172704,-3.454057018,11.17654064,
188666666,-2.406415707,-93.9167584,-18.53403103,68.24938334,-3.086151257,5.27148417,
188724444,-2.299695364,-98.64851428,-19.21095776,61.97434666,-2.788135934,-0.03699552542,
188782222,-2.20650144,-102.9108749,-19.94506621,56.10829676,-2.540309615,-4.868237789,
188840000,-2.12608204,-106.8215384,-20.72982041,50.62296701,-2.335432787,-9.306165323,
188897777,-2.05574253,-110.4192983,-21.56589951,45.4354829,-2.162478855,-13.41577698,
188955555,-1.991564621,-113.8324142,-22.44746037,40.41633209,-2.016637863,-17.24627815,
189013333,-1.935113935,-117.1005721,-23.41163866,35.49538377,-1.890693462,-20.83122273,
189071111,-1.883767738,-120.2616242,-24.47459167,30.62565537,-1.781616688,-24.23524855,
189128888,-1.84064525,-123.3975365,-25.66455517,25.77251239,-1.686092549,-27.45109245,
189186666,-1.80438615,-126.5251329,-27.09851126,20.83242664,-1.602615716,-30.54197606,
189244444,-1.782954697,-129.7693234,-28.92071572,15.60634627,-1.527764455,-33.48799295,
189302222,-1.784248599,-133.1816097,-31.54859071,10.59324777,-1.460906662,-36.32289478,
189360000,-1.841135046,-136.9929358,-36.17509095,8.210852217,-1.401552268,-39.12535187,
189417777,-2.022574174,-141.3277959,-47.19626651,63.09155639,-1.353245961,-41.88520271,
189475555,-2.492715651,-145.9368993,-34.41000416,131.1877736,-1.328508822,-44.6566188,
189533333,-3.446200854,-148.5744192,-27.7308708,115.1589802,-1.346717383,-47.31564177,
189591111,-4.356587108,-144.7293437,-24.80008175,90.29586261,-1.39219138,-49.55552645,
189648888,-4.19429157,-138.9056256,-24.28851348,67.7491769,-1.399033831,-51.4375687,
189706666,-3.596979201,-137.2526441,-24.86103474,51.48466307,-1.366013872,-53.33740621,
189764444,-3.121722103,-138.1615138,-25.79206245,40.12260358,-1.3246923,-55.32605181,
189822222,-2.802083094,-139.9271777,-26.79265101,31.85216768,-1.286407894,-57.34943556,
189880000,-2.5839443,-141.9064788,-27.7773324,25.29964151,-1.252877477,-59.39377266,
189937777,-2.429976347,-143.929378,-28.7582511,20.00002751,-1.223229536,-61.41282854,
189995555,-2.317764927,-145.9160979,-29.71270291,15.38603396,-1.197666128,-63.40790861,
190053333,-2.230664922,-147.860634,-30.64281369,11.43368263,-1.177131159,-65.40599857,
190111111,-2.159405974,-149.7393411,-31.5846562,7.730814447,-1.157058418,-67.36438033,
190168888,-2.10294107,-151.5855747,-32.53514014,4.189152223,-1.140240539,-69.31718497,
190226666,-2.056133289,-153.3967522,-33.48357077,1.046609714,-1.124517693,-71.25077884,
190284444,-2.013921544,-155.1889028,-34.44165957,-2.101591688,-1.112390078,-73.17679542,
190342222,-1.978629407,-156.9485483,-35.44935697,-5.331838792,-1.101754965,-75.07862766,
190400000,-1.948307373,-158.6767426,-36.46671366,-8.435326306,-1.091188062,-76.96361755,
190457777,-1.919088375,-160.3852172,-37.55904407,-11.45078217,-1.082949189,-78.85653417,
190515555,-1.894361421,-162.0717309,-38.57988026,-14.55310299,-1.075784842,-80.73902335,
190573333,-1.869978656,-163.7464388,-39.71622588,-18.25789102,-1.070645104,-82.62799107,
190631111,-1.847781692,-165.4160344,-40.76489819,-21.88065721,-1.067903488,-84.48830611,
190688888,-1.826153362,-167.0904518,-41.85259978,-25.96581287,-1.065088563,-86.39403608,
190746666,-1.805660211,-168.7440892,-42.81653524,-30.41704285,-1.064435729,-88.29980394,
190804444,-1.785745424,-170.4106341,-43.6028967,-35.43059801,-1.06536839,-90.22083406,
190862222,-1.767018325,-172.0928974,-44.09438158,-42.00119807,-1.070349376,-92.2085694,
190920000,-1.74873187,-173.7678292,-44.06658363,-48.02541806,-1.077801325,-94.23065693,
190977777,-1.730503376,-175.4621565,-43.4711744,-54.69606596,-1.092564734,-96.31871248,
191035555,-1.711605467,-177.1773928,-42.19748973,-60.33947157,-1.115983574,-98.52611284,
191093333,-1.694114478,-178.9077514,-40.14932572,-65.50397307,-1.15572892,-100.9062619,
191151111,-1.67840424,179.2825736,-37.48327341,-72.4045584,-1.240122731,-103.5599088,
191208888,-1.6669694,177.4595521,-34.30615407,-82.0347751,-1.423648043,-106.436803,
191266666,-1.669660033,175.5683739,-31.10376232,-97.74116194,-1.799520343,-108.9507809,
191324444,-1.68912543,173.7118146,-28.76846169,-118.7763442,-2.29095566,-109.4093362,
191382222,-1.70622092,171.9900923,-27.76644158,-139.1732462,-2.503017865,-108.039865,
191440000,-1.7094293,170.2783313,-27.46441487,-154.1420141,-2.428203227,-107.3752405,
191497777,-1.705949776,168.4995807,-27.26713399,-164.7759995,-2.303046161,-107.8070655,
191555555,-1.702322067,166.6530144,-26.96625109,-172.707435,-2.203009909,-108.7924615,
191613333,-1.698936202,164.789135,-26.56785547,-179.5925921,-2.127798941,-110.0189606,
191671111,-1.700096727,162.8471413,-26.11568806,174.246553,-2.070666574,-111.3808747,
191728888,-1.699652769,160.9009057,-25.64242377,168.367163,-2.024767204,-112.8055594,
191786666,-1.701398627,158.8922717,-25.17399176,162.8252357,-1.983672801,-114.3004466,
191844444,-1.70336479,156.846174,-24.72021454,157.438939,-1.950285331,-115.8793612,
191902222,-1.703522878,154.7348115,-24.28748549,152.2901001,-1.92389899,-117.5234659,
191960000,-1.704809039,152.5807452,-23.87111951,147.2564741,-1.903247499,-119.2436394,
192017777,-1.705455548,150.314944,-23.47524046,142.4597159,-1.893318856,-121.0238968,
192075555,-1.707685665,147.9906818,-23.08981142,137.8072075,-1.892750278,-122.8454688,
192133333,-1.710210068,145.5472952,-22.7082325,133.249022,-1.899877749,-124.7399529,
192191111,-1.715123602,143.0372701,-22.33236783,128.7655921,-1.916824137,-126.6800981,
192248888,-1.719271265,140.3822366,-21.95964377,124.30334,-1.946807419,-128.6796397,
192306666,-1.727659921,137.6135817,-21.58536361,119.9387726,-1.986076178,-130.7369414,
192364444,-1.739936088,134.694079,-21.21754695,115.5054189,-2.041710453,-132.8580713,
192422222,-1.753688361,131.6111494,-20.84788504,111.0440818,-2.109580176,-135.027991,
192480000,-1.769935309,128.3600196,-20.47715955,106.4917972,-2.194983978,-137.2844132,
192537777,-1.794171761,124.9069859,-20.10696764,101.825469,-2.299788985,-139.616994,
192595555,-1.82481674,121.2140625,-19.74329702,97.03366738,-2.425762883,-142.0237521,
192653333,-1.860897168,117.3026762,-19.38582961,92.00583016,-2.581148666,-144.5237616,
192711111,-1.907965527,113.0553224,-19.03207452,86.77788349,-2.770279823,-147.1211727,
192768888,-1.96706194,108.5383697,-18.69215843,81.2441366,-2.999461271,-149.7973064,
192826666,-2.0365913,103.6631304,-18.37436114,75.41296927,-3.28095188,-152.5709871,
192884444,-2.123607083,98.37064514,-18.08496131,69.22488204,-3.62852803,-155.4444203,
192942222,-2.231034388,92.63591589,-17.83407958,62.60618057,-4.059580156,-158.3584476,
193000000,-2.355048994,86.41079464,-17.63867382,55.52410169,-4.59707414,-161.2676399,
193057777,-2.503325652,79.60569252,-17.51561379,47.9468021,-5.274850888,-164.0230864,
193115555,-2.678672942,72.20044502,-17.49425458,39.89216306,-6.133410174,-166.3972903,
193173333,-2.879929533,64.13496711,-17.59858442,31.32301288,-7.231090714,-167.9490527,
193231111,-3.108720299,55.32267866,-17.87903543,22.36167333,-8.616817515,-167.7440693,
193288888,-3.361384617,45.73815808,-18.37054875,13.22302522,-10.29953974,-164.1399905,
193346666,-3.626832741,35.33218164,-19.12628258,4.13748869,-12.03342341,-154.3222754,
193404444,-3.898649749,24.08439308,-20.19500095,-4.328193584,-12.94076921,-136.8899634,
193462222,-4.15751392,12.01686817,-21.60368339,-11.29264052,-12.12674481,-118.6431334,
193520000,-4.392556383,-0.7773055946,-23.33338975,-15.52955393,-10.27496813,-107.7519524,
193577777,-4.583298944,-14.05029143,-25.21804066,-15.3030986,-8.39575031,-103.8726774,
193635555,-4.716901963,-27.60548314,-26.80701647,-9.663162343,-6.829816625,-103.9840595,
193693333,-4.783385383,-41.0785596,-27.53623264,-0.7329449539,-5.598016106,-106.1384975,
193751111,-4.780023385,-54.15310109,-27.36311251,6.62879628,-4.647253604,-109.2172788,
193808888,-4.717353467,-66.56264328,-26.77321,9.855261278,-3.913181056,-112.6702573,
193866666,-4.605112584,-78.21220088,-26.21032314,9.555074176,-3.344241045,-116.207291,
193924444,-4.460492978,-88.91552861,-25.83085904,7.124612969,-2.901383074,-119.6640205,
193982222,-4.294425005,-98.75000768,-25.66016324,3.595227486,-2.551708785,-123.0074031,
194040000,-4.119928199,-107.694938,-25.68797821,-0.4518439982,-2.274101696,-126.1716058,
194097777,-3.942330506,-115.8329603,-25.88396377,-4.655406256,-2.0501425,-129.1994007,
194155555,-3.768370471,-123.2684209,-26.25156622,-8.884856731,-1.866550492,-132.0554048,
194213333,-3.600885149,-130.0716391,-26.76778493,-12.87003449,-1.717666079,-134.8078327,
194271111,-3.440510217,-136.3211271,-27.46408309,-16.72874138,-1.59556747,-137.4067475,
194328888,-3.286625298,-142.1057526,-28.31692313,-20.08688938,-1.494212124,-139.919685,
194386666,-3.141994264,-147.4991049,-29.37579057,-22.80364538,-1.408636291,-142.331597,
194444444,-3.005894414,-152.5581886,-30.7187606,-24.91406385,-1.337278784,-144.6655267,
194502222,-2.874529203,-157.3440355,-32.42432759,-25.226121,-1.27806221,-146.9489696,
194560000,-2.75114438,-161.8737948,-34.65716197,-22.63186256,-1.230626142,-149.1733334,
194617777,-2.635497988,-166.2457966,-37.49592833,-13.12886204,-1.192384261,-151.3392182,
194675555,-2.523356443,-170.4634897,-40.16074468,13.5491958,-1.163507135,-153.4783598,
194733333,-2.418868805,-174.5745977,-39.21313833,51.52171308,-1.144935668,-155.5678442,
194791111,-2.323932821,-178.6298141,-35.51314263,71.51970635,-1.134457469,-157.652567,
194848888,-2.238158875,177.3383986,-32.17184501,77.60514242,-1.135486026,-159.6857951,
194906666,-2.169005842,173.3031907,-29.45969963,77.83059215,-1.147438759,-161.6859312,
194964444,-2.115570054,169.2443454,-27.25512082,75.10372689,-1.172003494,-163.642619,
195022222,-2.087936013,165.143332,-25.42202136,70.58556371,-1.210150985,-165.5474584,
195080000,-2.089843587,160.9964593,-23.89001409,65.02174599,-1.25765083,-167.3457289,
195137777,-2.127827857,156.8818926,-22.61491757,58.64936606,-1.314099972,-169.05217,
195195555,-2.20477028,152.8073002,-21.5852095,51.83090704,-1.375259471,-170.6423796,
195253333,-2.31872105,148.8188441,-20.78132957,44.72758859,-1.432243891,-172.0528188,
195311111,-2.461696415,145.004591,-20.18534456,37.64102555,-1.480255705,-173.405811,
195368888,-2.624423233,141.3858908,-19.76761731,30.86676771,-1.515093149,-174.6469923,
195426666,-2.792409025,137.9102506,-19.50714496,24.48143789,-1.534498737,-175.8509247,
195484444,-2.957462128,134.5727104,-19.36387398,18.72262871,-1.538643513,-177.0739362,
195542222,-3.112114862,131.2526752,-19.30547333,13.61901915,-1.530795154,-178.3145543,
195600000,-3.254167648,127.9009993,-19.30570675,9.190210217,-1.515975741,-179.5871699,
195657777,-3.385999427,124.4130411,-19.32838054,5.45393827,-1.495147256,179.0692739,
195715555,-3.513682047,120.6723785,-19.35378297,2.369838276,-1.474484246,177.6777973,
195773333,-3.638845075,116.606153,-19.36186676,-0.1542406035,-1.451780911,176.2408934,
195831111,-3.773725722,112.0893368,-19.31560818,-2.083705185,-1.430789067,174.7583935,
195888888,-3.928072677,106.97525,-19.1968971,-3.620582985,-1.411848254,173.2380767,
195946666,-4.113484512,101.0914304,-18.97823201,-4.831747126,-1.393973818,171.6941635,
196004444,-4.356749067,94.1815796,-18.63520185,-5.954236073,-1.382226188,170.10883,
196062222,-4.696212743,85.90176389,-18.14245073,-7.253075818,-1.37530787,168.5052779,
196120000,-5.1920602,75.67974159,-17.48948637,-9.235240452,-1.373871907,166.867344,
196177777,-5.944056015,62.87943672,-16.7014041,-12.41512034,-1.380706135,165.2355879,
196235555,-7.123366373,46.32576247,-15.85388652,-17.34173708,-1.396501121,163.6047238,
196293333,-8.979935005,24.33970828,-15.06705413,-24.41098951,-1.42115886,162.0501609,
196351111,-11.6826224,-6.576332622,-14.5169726,-33.35712648,-1.446012903,160.5653759,
196408888,-14.40884843,-52.173827,-14.31868062,-43.23235719,-1.459619123,159.1647194,
196466666,-14.48583498,-104.4137845,-14.47761342,-52.75525291,-1.456860585,157.7512619,
196524444,-12.70442333,-140.9688685,-14.87781389,-61.05637431,-1.441905261,156.2941438,
196582222,-11.20892959,-163.588406,-15.38729812,-67.94741424,-1.422600124,154.7447498,
196640000,-10.28060321,-178.8680263,-15.91158656,-73.65819966,-1.403725042,153.1469211,
196697777,-9.789784502,170.035318,-16.40649224,-78.54024334,-1.39010647,151.472963,
196755555,-9.608568114,161.6917041,-16.83936711,-82.90831868,-1.377522052,149.7586432,
196813333,-9.657714265,155.4015588,-17.21248385,-87.03138429,-1.368150115,148.0035763,
196871111,-9.880073367,150.9867351,-17.52713532,-91.07505094,-1.362572455,146.2308444,
196928888,-10.22612645,148.4976448,-17.78917732,-95.30690619,-1.3593226,144.4018297,
196986666,-10.61206631,148.2267873,-18.00511539,-99.76323687,-1.358488836,142.5537044,
197044444,-10.88417556,150.4943218,-18.18461115,-104.7065237,-1.361630859,140.6762139,
197102222,-10.80332608,154.9120491,-18.32080647,-110.2271144,-1.367906172,138.7333328,
197160000,-10.14319533,159.7319527,-18.42626392,-116.4500888,-1.378429029,136.7574558,
197217777,-8.940574089,162.1783401,-18.48925889,-123.584444,-1.392627996,134.7377989,
197275555,-7.527798697,160.3102465,-18.50550958,-131.9450387,-1.416124649,132.6477382,
197333333,-6.31405104,153.9835169,-18.45011274,-141.8215087,-1.449724743,130.5235122,
197391111,-5.654901386,144.2893238,-18.33491427,-153.8629128,-1.496909862,128.3491669,
197448888,-5.797388353,133.4748795,-18.18381288,-168.3773087,-1.559068604,126.1668315,
197506666,-6.829458294,124.8487661,-18.03536554,174.6111575,-1.63893823,124.0178836,
197564444,-8.497568872,122.9381578,-17.89789557,155.6617072,-1.728894447,121.955229,
197622222,-9.767560625,131.2478652,-17.73851489,135.6960091,-1.825251095,120.0012243,
197680000,-9.324194378,143.2022303,-17.52170658,115.7477921,-1.914168435,118.1284317,
197737777,-7.775841754,148.4970685,-17.23101239,96.87122865,-1.992077078,116.3141484,
197795555,-6.256160507,147.281512,-16.87169832,79.69494091,-2.056227303,114.4859741,
197853333,-5.091572661,142.8207276,-16.47370805,64.42734578,-2.109702452,112.6079165,
197911111,-4.260805252,137.0136812,-16.04996975,51.08241401,-2.154498715,110.6291933,
197968888,-3.683247031,130.785785,-15.61312743,39.47587351,-2.196443705,108.575987,
198026666,-3.28624174,124.4631399,-15.17721484,29.27363063,-2.239010092,106.3922228,
198084444,-3.022187245,118.2206637,-14.74140243,20.30026608,-2.283747748,104.1120729,
198142222,-2.853601582,112.151313,-14.31199748,12.32167403,-2.334715433,101.6996443,
198200000,-2.75721982,106.2298301,-13.88638752,5.139891849,-2.395162709,99.19181929,
198257777,-2.716761893,100.384627,-13.46442548,-1.44284734,-2.466542197,96.55591347,
198315555,-2.72166514,94.65549267,-13.04686227,-7.420249054,-2.553762393,93.80216074,
198373333,-2.765400034,88.98279468,-12.63048563,-12.92710986,-2.663661595,90.91992769,
198431111,-2.846073992,83.33972909,-12.20405125,-17.93990757,-2.807599683,87.9403116,
198488888,-2.96203677,77.75984124,-11.73198021,-22.4576556,-2.987767212,85.06542989,
198546666,-3.10413744,72.31201815,-11.17517015,-26.85806908,-3.181685621,82.39748371,
198604444,-3.252850975,66.9112445,-10.55300398,-31.68095048,-3.333543338,79.9172211,
198662222,-3.403710179,61.47516626,-9.953782391,-37.00928097,-3.440164513,77.09847574,
198720000,-3.571703704,55.84189156,-9.413768768,-42.56084846,-3.552824628,73.83009618,
198777777,-3.759101502,50.09683904,-8.907374149,-48.05532759,-3.696321394,70.17914533,
198835555,-3.981176493,44.17765957,-8.414090532,-53.53916251,-3.884170987,66.23260023,
198893333,-4.23554695,38.14957436,-7.929352934,-59.00775917,-4.117648781,61.98728393,
198951111,-4.526689196,32.02089377,-7.448380035,-64.56335685,-4.404692468,57.47348853,
199008888,-4.858198147,25.7502021,-6.965469088,-70.25049681,-4.74397349,52.64577994,
199066666,-5.238450698,19.39485739,-6.48873492,-76.08990052,-5.15485694,47.4561013,
199124444,-5.67397771,12.97317425,-6.019785203,-82.14816842,-5.646089599,41.86168096,
199182222,-6.171450737,6.538936065,-5.562226984,-88.45615491,-6.245038988,35.77109491,
199240000,-6.743260858,0.1726840482,-5.120424663,-95.01308851,-6.969995189,29.11684578,
199297777,-7.403100543,-5.996364567,-4.704379164,-101.8528093,-7.861462262,21.73311882,
199355555,-8.156199888,-11.84499254,-4.31881351,-109.0162673,-8.973539768,13.40869082,
199413333,-9.012180624,-16.99213296,-3.973499857,-116.5140177,-10.38257153,3.706991409,
199471111,-9.955043199,-21.11936973,-3.679481417,-124.2928845,-12.19282726,-8.05487724,
199528888,-10.94764139,-23.67729987,-3.447366217,-132.3835556,-14.55120168,-23.67538913,
199586666,-11.87757707,-24.19752605,-3.291540917,-140.7326057,-17.52466767,-47.51192646,
199644444,-12.56128019,-22.56568654,-3.223067766,-149.2826535,-20.04374049,-88.2733846,
199702222,-12.79480829,-19.7814951,-3.250612445,-157.9511406,-18.95877605,-136.800618,
199760000,-12.51638885,-17.65547972,-3.38917931,-166.6075848,-15.85171813,-168.9108695,
199817777,-11.87509065,-17.93110797,-3.657224286,-175.1041968,-13.14498018,170.3876054,
199875555,-11.12136201,-21.28922385,-4.071764276,176.8905276,-11.1300498,154.1455992,
199933333,-10.5152819,-27.59279316,-4.633956715,169.9638789,-9.739042694,139.3653573,
199991111,-10.30244369,-35.89065257,-5.250592931,165.1643034,-9.013665285,124.9360815,
200048888,-10.68489901,-43.86850976,-5.598509307,162.917204,-9.114077177,111.5615549,
200106666,-11.46389623,-47.51327443,-5.384506577,160.5271656,-10.03068684,102.4491251,
200164444,-11.7755689,-46.15969242,-4.950779484,155.1348036,-11.125509,100.4314011,
200222222,-11.28194091,-45.27288607,-4.680882189,147.5693925,-11.62360697,102.8363699,
200280000,-10.49454128,-47.69069263,-4.617074899,139.4468995,-11.54709327,104.9119388,
200337777,-9.773119938,-52.55870483,-4.68149042,131.3890233,-11.29701678,105.2589295,
200395555,-9.20384139,-58.74591278,-4.813257753,123.5355746,-11.0968203,104.5222422,
200453333,-8.780518801,-65.5635729,-4.976721874,115.8470891,-10.99669335,103.5996038,
200511111,-8.486201444,-72.72034516,-5.15374312,108.2684664,-10.9768163,102.9746637,
200568888,-8.297319625,-80.03630351,-5.334508382,100.6977377,-10.98423197,102.9365137,
200626666,-8.211579325,-87.44459836,-5.521010593,93.09897689,-10.96108136,103.5809341,
200684444,-8.216336954,-94.93174795,-5.708370548,85.44895155,-10.84991068,104.7159856,
200742222,-8.319821819,-102.4424906,-5.894855111,77.7094888,-10.62083473,105.9867815,
200800000,-8.519711382,-110.0414271,-6.080978254,69.90026416,-10.2748363,107.0216621,
200857777,-8.835820462,-117.6920841,-6.261763493,62.02131084,-9.846850365,107.5034738,
200915555,-9.279297351,-125.4443922,-6.431331077,54.02999549,-9.379432286,107.3246113,
200973333,-9.879161132,-133.3713409,-6.585468402,45.91797953,-8.917657041,106.4888026,
201031111,-10.68312508,-141.5043472,-6.721104245,37.67971222,-8.490323078,105.1604741,
201088888,-11.75986424,-149.9113894,-6.834118773,29.24329321,-8.111597544,103.5275473,
201146666,-13.24086802,-158.7112115,-6.924453454,20.55642537,-7.787023191,101.7211082,
201204444,-15.36379778,-167.9771364,-6.997104679,11.55883795,-7.508340046,99.92192704,
201262222,-18.67078055,-177.9319308,-7.063029585,2.196948194,-7.257732079,98.22182795,
201320000,-24.95588619,170.4099511,-7.13350624,-7.49528295,-7.013618178,96.68009648,
201377777,-40.50583132,5.649254174,-7.222282812,-17.49407868,-6.75861955,95.23184136,
201435555,-22.33196651,-23.60058578,-7.344409896,-27.7420103,-6.473530667,93.77351513,
201493333,-16.85853055,-35.15481838,-7.508592956,-38.09216064,-6.161314152,92.17199814,
201551111,-13.66395853,-45.79607659,-7.714547735,-48.40031943,-5.832076549,90.27801082,
201608888,-11.5360379,-55.94860146,-7.954589199,-58.5533907,-5.509014353,88.03982123,
201666666,-10.04815898,-65.65048568,-8.215946377,-68.4286992,-5.210433261,85.4869647,
201724444,-8.998091528,-74.8903633,-8.483872678,-78.08484439,-4.949106636,82.67818041,
201782222,-8.27129847,-83.71414954,-8.741142114,-87.44388152,-4.739459932,79.74523982,
201840000,-7.806292762,-92.1487578,-8.9803002,-96.6384049,-4.578748196,76.77143239,
201897777,-7.56233511,-100.2972002,-9.190728713,-105.7647722,-4.471912384,73.86119066,
201955555,-7.534520334,-108.2109817,-9.37222844,-115.0494932,-4.410844436,71.08722626,
202013333,-7.752690034,-115.9648698,-9.540332707,-124.7368673,-4.393713241,68.58298935,
202071111,-8.291937984,-123.5173102,-9.719914306,-135.0941183,-4.405057455,66.53298778,
202128888,-9.309173497,-130.3770177,-9.973792,-146.5083065,-4.417545125,65.08174648,
202186666,-11.07172741,-134.6249823,-10.41350834,-159.3592676,-4.36498699,64.35841431,
202244444,-13.76699011,-129.6177893,-11.23410697,-173.7408326,-4.150702839,64.08643334,
202302222,-15.24293818,-103.32138,-12.7234467,171.0177136,-3.723889678,63.34523328,
202360000,-12.26460257,-82.13551178,-15.21358172,157.0611728,-3.1790165,61.12262283,
202417777,-9.108736303,-81.73988632,-19.01806862,148.8476632,-2.701058149,57.33204137,
202475555,-7.117016318,-88.43373914,-24.14995539,157.4611374,-2.389951447,52.69852197,
202533333,-5.935911083,-96.41391394,-26.43547788,-161.7128619,-2.234392608,47.93298707,
202591111,-5.237992129,-104.0629145,-23.0655869,-137.4990949,-2.18831837,43.33136723,
202648888,-4.830344459,-111.057625,-20.07253345,-134.4798911,-2.217761974,38.94207293,
202706666,-4.607050871,-117.4884214,-17.94000417,-137.8280793,-2.30437132,34.7279811,
202764444,-4.521973281,-123.5069316,-16.294671,-143.6321004,-2.448395006,30.59072242,
202822222,-4.566817745,-129.3292656,-14.90846523,-150.9732817,-2.672805624,26.50789557,
202880000,-4.765166084,-135.1044079,-13.65046121,-159.9654621,-3.022622574,22.47895605,
202937777,-5.215894997,-140.8437182,-12.47248281,-171.3528501,-3.581025348,18.88272364,
202995555,-6.114728367,-145.7429559,-11.45706255,173.5040777,-4.472953081,17.03182687,
203053333,-7.632408987,-146.0452331,-10.94109321,153.159416,-5.535169725,20.71254324,
203111111,-8.678644851,-135.1168412,-11.60691386,128.2194463,-5.482608027,30.6771638,
203168888,-7.535622197,-124.588898,-13.89591047,103.8562341,-4.081143714,34.50533187,
203226666,-6.092028818,-124.3720983,-17.52417428,84.57182966,-2.952793819,31.08764565,
203284444,-5.236919473,-127.8892474,-22.2674697,70.30048877,-2.363498257,25.90827263,
203342222,-4.779992185,-131.7865551,-29.07051911,58.65520006,-2.07287006,20.96114525,
203400000,-4.532732217,-135.294469,-47.82511866,24.03209959,-1.930495765,16.47360807,
203457777,-4.398501571,-138.2728302,-33.21862186,-126.6122331,-1.863641651,12.37973959,
203515555,-4.321131551,-140.75695,-27.42513821,-134.1882241,-1.841799663,8.579899844,
203573333,-4.267972159,-142.7794273,-24.30630794,-139.3540551,-1.844378938,4.988599493,
203631111,-4.207910504,-144.3757509,-22.13340243,-144.0596602,-1.867771358,1.575420809,
203688888,-4.108765075,-145.6427687,-20.41496638,-148.8143191,-1.905281035,-1.690963078,
203746666,-3.947295224,-146.8031075,-18.97489371,-154.105121,-1.952725913,-4.843917376,
203804444,-3.721531005,-148.1890016,-17.77772835,-160.0943496,-2.00240638,-7.888533157,
203862222,-3.4689238,-150.1022711,-16.82027598,-166.6937684,-2.045598058,-10.84077186,
203920000,-3.24684872,-152.5408978,-16.114629,-173.3998813,-2.077271241,-13.80697253,
203977777,-3.094697119,-155.3545207,-15.60689147,-179.7485838,-2.099107901,-16.85993452,
204035555,-3.015962763,-158.2014934,-15.2379296,174.4819564,-2.123373689,-20.05549945,
204093333,-2.998103536,-160.9409129,-14.93143786,169.2830577,-2.154122561,-23.41880692,
204151111,-3.020137718,-163.4892673,-14.65014798,164.5385001,-2.2019019,-26.96651368,
204208888,-3.069114674,-165.8255202,-14.36884328,160.1117707,-2.267987025,-30.67041557,
204266666,-3.134284624,-167.9699397,-14.07268241,155.7638807,-2.358134996,-34.58364334,
204324444,-3.211687478,-169.9713941,-13.75689545,151.3993937,-2.476876312,-38.74962953,
204382222,-3.296435144,-171.8174643,-13.41745772,146.8753179,-2.632133278,-43.21278939,
204440000,-3.390572091,-173.5234773,-13.05859904,142.1159037,-2.837148718,-48.01113586,
204497777,-3.493740895,-175.1197335,-12.68458374,136.9752409,-3.107506715,-53.24989901,
204555555,-3.606670346,-176.5572137,-12.30178034,131.3101442,-3.473625314,-59.01750271,
204613333,-3.727754831,-177.7996174,-11.91665157,125.0998273,-3.972016254,-65.44911365,
204671111,-3.854439128,-178.7845077,-11.54999961,118.0575291,-4.673226155,-72.62650979,
204728888,-3.976511137,-179.5027432,-11.22510316,110.0970114,-5.675215873,-80.77903285,
204786666,-4.078217886,-179.892126,-10.98843233,101.0905286,-7.165991526,-89.94847249,
204844444,-4.136468838,-179.9497166,-10.8883085,91.0410416,-9.458676291,-100.2652783,
204902222,-4.120024186,-179.8026105,-10.98712728,79.97780483,-13.33596548,-111.6736277,
204960000,-4.020806553,-179.7422202,-11.34631898,68.25206962,-21.85820968,-124.8378749,
205017777,-3.850348184,179.9873753,-11.98718979,56.31598166,-24.86901835,49.58881217,
205075555,-3.650043457,179.2350669,-12.9086064,44.67674224,-14.60598628,35.82345231,
205133333,-3.459772972,177.9969457,-14.07294617,33.6376709,-10.49541772,24.92956264,
205191111,-3.299678874,176.4299173,-15.42985135,23.28593057,-8.138823271,15.32378415,
205248888,-3.180979878,174.6464017,-16.939147,13.57827807,-6.636487203,6.848516212,
205306666,-3.094816756,172.8082733,-18.55856175,4.220018505,-5.622717365,-0.6543110775,
205364444,-3.040114206,170.9159635,-20.27334304,-5.204253074,-4.918053049,-7.318624878,
205422222,-3.009884827,169.0461172,-22.06700503,-15.30276951,-4.414839961,-13.27882779,
205480000,-2.997455827,167.1854048,-23.88072957,-26.90755386,-4.054791676,-18.68862622,
205537777,-3.00273689,165.3644078,-25.61184086,-41.06343508,-3.79501147,-23.65059037,
205595555,-3.023517142,163.5792787,-26.99188275,-58.54766945,-3.614385191,-28.21549365,
205653333,-3.064042002,161.7968296,-27.60119818,-79.00503331,-3.497754564,-32.48210237,
205711111,-3.122376707,160.0565592,-27.19607738,-99.45012004,-3.433831339,-36.52457545,
205768888,-3.204043407,158.398914,-25.95663219,-116.9156451,-3.424845837,-40.3014242,
205826666,-3.308447565,156.893591,-24.28138957,-130.8072476,-3.468521023,-43.83475751,
205884444,-3.431746714,155.6406575,-22.45408174,-142.5321784,-3.563394971,-47.03015497,
205942222,-3.558249106,154.7566775,-20.64877142,-153.3353751,-3.703859438,-49.74311592,
206000000,-3.646608565,154.3187409,-19.01026773,-164.2861301,-3.854779307,-51.8175684,
206057777,-3.644021421,154.1455614,-17.65960636,-175.4531109,-3.96150408,-53.26972406,
206115555,-3.546790124,153.7813147,-16.6623466,173.6185957,-3.977817809,-54.44168667,
206173333,-3.397744654,152.882,-15.9859131,163.5935787,-3.915555261,-55.80018423,
206231111,-3.245623444,151.4580233,-15.51863438,154.9228821,-3.816512353,-57.49956159,
206288888,-3.123798978,149.6274522,-15.17534815,147.4711558,-3.721670012,-59.53987762,
206346666,-3.033865268,147.6146509,-14.88469393,140.9911501,-3.645522431,-61.77759829,
206404444,-2.970552025,145.4254926,-14.60819547,135.2065276,-3.594847363,-64.17032008,
206462222,-2.929824432,143.1494572,-14.33890913,129.8359458,-3.565763528,-66.57287496,
206520000,-2.903628651,140.7511557,-14.06868721,124.6732966,-3.557697648,-69.02887135,
206577777,-2.886688882,138.2264653,-13.81231222,119.5771408,-3.564119598,-71.47952907,
206635555,-2.880138574,135.4894868,-13.57152252,114.3893904,-3.585362567,-73.93149418,
206693333,-2.881294953,132.4727943,-13.35778085,108.9576534,-3.617823004,-76.39373703,
206751111,-2.89676133,128.998284,-13.20273864,103.149402,-3.65930263,-78.90240945,
206808888,-2.93756531,124.8730273,-13.14508847,96.83236454,-3.705504991,-81.44732276,
206866666,-3.049986188,119.7692695,-13.28687147,89.90421142,-3.754572296,-84.1530584,
206924444,-3.331905007,113.2945465,-13.79337147,82.67417338,-3.811874811,-87.21458053,
206982222,-4.000944619,105.3791616,-14.94920256,76.92251508,-3.927310317,-90.8910297,
207040000,-5.381263228,97.50658837,-16.75257103,78.78001164,-4.216738265,-95.04668135,
207097777,-7.574101172,94.3511782,-17.35458267,93.01195597,-4.763893852,-98.66007067,
207155555,-9.753191705,100.6485605,-15.62401325,102.2572386,-5.454410863,-100.4506106,
207213333,-10.72715784,112.4925744,-13.81046949,100.6268864,-6.075313412,-100.3822741,
207271111,-10.66521553,121.8482838,-12.60677387,94.80570272,-6.511761698,-99.25186532,
207328888,-10.33055133,127.3008048,-11.86261798,88.08254415,-6.749458819,-97.85003263,
207386666,-10.04205099,130.5495694,-11.41248055,81.39468027,-6.820280171,-96.77416761,
207444444,-9.843219638,132.8021965,-11.14615625,75.10013967,-6.774029621,-96.35174019,
207502222,-9.698061837,134.7386821,-11.00711293,69.25999101,-6.68438912,-96.80131876,
207560000,-9.571437604,136.5632562,-10.93761236,63.89930801,-6.602271855,-98.09153211,
207617777,-9.430595339,138.3285686,-10.91099887,58.96489896,-6.574841393,-100.0859105,
207675555,-9.265508417,139.9737168,-10.89983969,54.35578032,-6.631530255,-102.6191841,
207733333,-9.071601026,141.42209,-10.89046814,50.02043933,-6.800178263,-105.5548971,
207791111,-8.848719063,142.6554752,-10.86759964,45.78179498,-7.096413385,-108.7155968,
207848888,-8.610926593,143.6621724,-10.83493976,41.58573751,-7.554047929,-111.9614752,
207906666,-8.361261879,144.4401133,-10.79043749,37.30282255,-8.201495295,-115.1169258,
207964444,-8.103877108,145.000654,-10.74208307,32.86263525,-9.092791467,-117.8406467,
208022222,-7.838865732,145.3801252,-10.70171034,28.21124678,-10.29747381,-119.5704455,
208080000,-7.567675911,145.5058119,-10.68133613,23.26135497,-11.90521083,-119.1212479,
208137777,-7.290303355,145.5037932,-10.70076311,18.002499,-13.95238487,-113.933328,
208195555,-7.011752817,145.25289,-10.7831817,12.45659335,-16.0361755,-99.10097955,
208253333,-6.732246163,144.8225406,-10.94498818,6.733414855,-16.410066,-73.73776885,
208311111,-6.456873186,144.1642744,-11.20592981,0.8885106515,-14.28289559,-53.5740549,
208368888,-6.192086697,143.2398224,-11.57845985,-4.837973286,-11.5814474,-45.69182216,
208426666,-5.947085974,142.1193295,-12.06919477,-10.24991998,-9.280188493,-45.0423769,
208484444,-5.729154923,140.7962294,-12.67339826,-15.08149293,-7.470316576,-47.95046383,
208542222,-5.541351743,139.364829,-13.37420894,-19.05573645,-6.069746633,-52.58397741,
208600000,-5.387686547,137.8722963,-14.13937725,-21.78872462,-5.005186563,-58.1510047,
208657777,-5.268551813,136.3506841,-14.89923168,-22.90941961,-4.216337645,-64.19987052,
208715555,-5.182101344,134.9254336,-15.52854335,-22.12403142,-3.678597566,-70.55835902,
208773333,-5.121095046,133.6699505,-15.82156911,-19.77071735,-3.393620434,-77.07511758,
208831111,-5.068133012,132.7040647,-15.57854056,-17.41502767,-3.411648476,-83.3829137,
208888888,-4.985832438,132.1020869,-14.85697265,-17.82312022,-3.782334237,-88.489634,
208946666,-4.826346237,131.6127703,-14.0716909,-22.73001061,-4.397800818,-90.57569766,
209004444,-4.58923608,130.7570598,-13.67504303,-31.0372448,-4.812282638,-88.76054553,
209062222,-4.350395752,129.3196491,-13.79798165,-40.18206969,-4.639567579,-85.85784134,
209120000,-4.158538997,127.4695395,-14.28978896,-48.4513438,-4.100145604,-84.95022471,
209177777,-4.020869993,125.5374623,-14.96483484,-55.47573012,-3.533482329,-86.10803854,
209235555,-3.918419636,123.6430105,-15.7184435,-61.49834721,-3.071410523,-88.44769941,
209293333,-3.837661412,121.8331691,-16.50958938,-66.94228474,-2.725510197,-91.27601169,
209351111,-3.76598059,120.1421,-17.34627758,-72.02926858,-2.4758417,-94.20960799,
209408888,-3.695137852,118.5116714,-18.23455099,-76.87747271,-2.295982842,-97.09128465,
209466666,-3.618582837,116.9368635,-19.19739568,-81.53751891,-2.166144088,-99.85365522,
209524444,-3.534803659,115.4072586,-20.25173851,-85.91273296,-2.067191349,-102.4361272,
209582222,-3.439843369,113.8334558,-21.40565539,-89.96773361,-1.987425202,-104.903501,
209640000,-3.335282249,112.2007306,-22.67487172,-93.71817551,-1.919155898,-107.2512506,
209697777,-3.226893289,110.5127256,-24.06114921,-97.00676791,-1.858222771,-109.5064776,
209755555,-3.114310297,108.7205051,-25.61236762,-99.96914995,-1.801929243,-111.7031501,
209813333,-2.997790099,106.8466986,-27.35806027,-102.3906038,-1.750130455,-113.8590374,
209871111,-2.882561354,104.8535489,-29.44403272,-104.3992063,-1.704551373,-115.9975729,
209928888,-2.76891583,102.7670412,-32.01818649,-105.3452553,-1.66198877,-118.10187,
209986666,-2.658368837,100.533807,-35.49357596,-103.8263597,-1.625629005,-120.2074554,
210044444,-2.553472424,98.17395454,-40.78394527,-93.65648224,-1.593724775,-122.3059193,
210102222,-2.458719997,95.65901888,-46.7967499,-34.34493122,-1.566217168,-124.378031,
210160000,-2.379892472,92.94739047,-40.44749691,20.37968677,-1.54404755,-126.4356396,
210217777,-2.325567621,90.06261274,-35.47134555,28.18248311,-1.52742722,-128.5072793,
210275555,-2.305947005,86.997926,-32.28333525,27.45963499,-1.51393278,-130.5432106,
210333333,-2.340218999,83.79054654,-30.07041071,23.82796958,-1.503816925,-132.5766902,
210391111,-2.444124542,80.57660178,-28.51116419,18.45427941,-1.494046902,-134.6012566,
210448888,-2.620599584,77.60268474,-27.49887194,12.44522632,-1.485422563,-136.6177447,
210506666,-2.853819766,75.11851499,-26.9623277,6.369223161,-1.472465682,-138.6576854,
210564444,-3.094391466,73.32282085,-26.84800056,1.277378906,-1.460178469,-140.7460458,
210622222,-3.286228265,72.13934219,-27.03601723,-2.133979862,-1.450086402,-142.9042934,
210680000,-3.393295032,71.29029545,-27.35134253,-3.298789328,-1.441953324,-145.1415576,
210737777,-3.418405688,70.44907761,-27.66241435,-2.406780843,-1.440173256,-147.4403858,
210795555,-3.381822389,69.43138908,-27.80206379,-0.1429649933,-1.446219569,-149.8132915,
210853333,-3.307573588,68.14377797,-27.72161626,2.762244643,-1.460735577,-152.2858232,
210911111,-3.21551041,66.59956362,-27.44612999,5.5235412,-1.481430152,-154.8178812,
210968888,-3.1149878,64.79961165,-27.04748873,7.531080149,-1.513329796,-157.4743354,
211026666,-3.019039281,62.80994495,-26.57146923,8.739630616,-1.55105289,-160.2420847,
211084444,-2.926825203,60.64699715,-26.09114748,9.170271074,-1.605323259,-163.1700781,
211142222,-2.841026298,58.34590511,-25.65378573,8.791102277,-1.67454742,-166.2753762,
211200000,-2.763359065,55.90347001,-25.28409329,7.781662916,-1.759496723,-169.6317195,
211257777,-2.693492723,53.37525622,-24.99599736,6.314990435,-1.87224323,-173.2452838,
211315555,-2.631951264,50.74606901,-24.84429768,4.467993285,-2.01832559,-177.2423211,
211373333,-2.579521436,48.04583244,-24.84817914,2.381725564,-2.20889039,178.3062606,
211431111,-2.532936511,45.23002485,-25.07935147,0.2999314,-2.465071347,173.2402947,
211488888,-2.496385875,42.35118993,-25.62746256,-1.12543399,-2.823332327,167.4118417,
211546666,-2.467898478,39.36227135,-26.61791451,-0.9287858784,-3.339157799,160.5165769,
211604444,-2.453714723,36.27694136,-28.22903575,4.30631229,-4.103964993,152.2285972,
211662222,-2.455193293,33.1168498,-29.92392886,22.68958895,-5.286006674,142.0951981,
211720000,-2.479020777,29.84507202,-28.67780829,53.55769115,-7.215009859,129.3125616,
211777777,-2.531997621,26.56558321,-24.51250582,68.70597722,-10.58229366,112.1008461,
211835555,-2.612700985,23.30354794,-20.72116144,67.57937658,-17.33696561,80.797435,
211893333,-2.713058506,20.20351922,-17.93544387,59.66433391,-20.4614555,-35.31223089,
211951111,-2.816499128,17.25019935,-16.02241897,49.47391151,-12.37388811,-79.56371355,
212008888,-2.910907714,14.35664107,-14.74940165,39.27990525,-8.575271975,-97.75465224,
212066666,-2.997743992,11.47636019,-13.89533852,29.92933639,-6.49292002,-110.409874,
212124444,-3.081680413,8.555255049,-13.30057471,21.57245248,-5.238861904,-120.2100236,
212182222,-3.172145205,5.571433409,-12.86314256,14.22184819,-4.443683845,-128.0692184,
212240000,-3.266914702,2.562634751,-12.5240758,7.598047202,-3.920672764,-134.6083864,
212297777,-3.373662977,-0.4821565957,-12.24092837,1.612203105,-3.564273683,-140.1088989,
212355555,-3.495365903,-3.526554094,-11.99742711,-3.924167276,-3.317906518,-144.8576124,
212413333,-3.628608602,-6.573150284,-11.78534961,-9.097800229,-3.150359664,-149.0263808,
212471111,-3.779259947,-9.60290977,-11.58690308,-13.98133939,-3.029252232,-152.7633728,
212528888,-3.938854436,-12.59890301,-11.40765058,-18.6596048,-2.948415437,-156.1397366,
212586666,-4.115433995,-15.56102492,-11.24045409,-23.13960025,-2.893348551,-159.2395597,
212644444,-4.308191433,-18.43635142,-11.08521338,-27.49090308,-2.860544646,-162.1190013,
212702222,-4.511652349,-21.24251566,-10.93994146,-31.69462133,-2.842682267,-164.8222358,
212760000,-4.728304082,-23.94230154,-10.80252133,-35.77890779,-2.83609536,-167.4069833,
212817777,-4.958040449,-26.55332752,-10.67203085,-39.73247395,-2.84258136,-169.8963341,
212875555,-5.195280179,-29.05766288,-10.54336536,-43.60442135,-2.857466908,-172.3093406,
212933333,-5.443943267,-31.40155423,-10.41446873,-47.35565812,-2.880871302,-174.6928632,
212991111,-5.697920289,-33.6729123,-10.28174864,-50.99818916,-2.914777177,-177.067475,
213048888,-5.957092066,-35.77960335,-10.14205685,-54.55737372,-2.964104315,-179.4687135,
213106666,-6.222975654,-37.79594218,-9.982131122,-58.02654231,-3.028139651,178.0568435,
213164444,-6.493350651,-39.69030408,-9.797540431,-61.42485409,-3.114355068,175.5050486,
213222222,-6.777513637,-41.5512764,-9.572001491,-64.80695388,-3.235232224,172.7963993,
213280000,-7.082030022,-43.3219879,-9.290800949,-68.23238631,-3.406078888,169.9116514,
213337777,-7.425384465,-45.07968379,-8.94414733,-71.88411428,-3.661848723,166.8021731,
213395555,-7.838999408,-46.74325222,-8.506423167,-75.91993986,-4.041697835,163.4757509,
213453333,-8.370808201,-48.08978039,-7.981603596,-80.82555606,-4.630679762,160.1518377,
213511111,-9.094172998,-48.40406727,-7.396686437,-87.0669151,-5.553374347,157.4789118,
213568888,-9.994165139,-46.17623152,-6.846067602,-95.23879567,-6.934931424,157.4769551,
213626666,-10.72618154,-39.19672456,-6.503321761,-105.5414982,-8.529178216,164.6529435,
213684444,-10.52646202,-29.10109289,-6.568051749,-117.1586297,-8.934894789,-179.7862945,
213742222,-9.387144985,-22.55018596,-7.10564415,-128.4490341,-7.513042562,-168.3375302,
213800000,-8.128541657,-21.38569906,-7.973777401,-137.9104046,-5.843152694,-166.0879793,
213857777,-7.140732156,-23.20677958,-8.976330166,-145.2091013,-4.64409129,-168.256579,
213915555,-6.414053964,-26.02951538,-9.972813027,-150.7053195,-3.86030895,-171.7071924,
213973333,-5.870591983,-29.12768259,-10.90107859,-154.9538877,-3.343920894,-175.2706702,
214031111,-5.439243288,-32.21397459,-11.75207676,-158.3951699,-2.993933974,-178.6742727,
214088888,-5.071457098,-35.26387209,-12.52705588,-161.3730662,-2.745035159,178.2179868,
214146666,-4.756467994,-38.2467166,-13.2477991,-164.0555133,-2.562658458,175.3205275,
214204444,-4.470994816,-41.21427064,-13.92832338,-166.5782038,-2.423963937,172.6173369,
214262222,-4.205618058,-44.19415073,-14.58155475,-168.9796672,-2.313714598,170.0810099,
214320000,-3.962827504,-47.18131788,-15.22734794,-171.3237903,-2.227127397,167.6954582,
214377777,-3.734474709,-50.20809876,-15.86222376,-173.6139129,-2.154267486,165.4015951,
214435555,-3.520404221,-53.25018013,-16.51314882,-175.8532162,-2.093677789,163.1851422,
214493333,-3.318732391,-56.33864957,-17.1779984,-177.9829866,-2.042260654,161.0396012,
214551111,-3.132234291,-59.5052888,-17.8705389,179.9604206,-1.996868103,158.9612885,
214608888,-2.955908607,-62.71141374,-18.60683027,178.0570038,-1.95899799,156.8991145,
214666666,-2.792799867,-65.99181437,-19.38441187,176.3410605,-1.926149677,154.8904976,
214724444,-2.643847255,-69.35916324,-20.22750395,174.8713082,-1.89768483,152.9070203,
214782222,-2.507950222,-72.80017902,-21.13807322,173.8136771,-1.872096856,150.9417589,
214840000,-2.386080693,-76.32087795,-22.14538249,173.2768459,-1.849892742,148.9865179,
214897777,-2.279488578,-79.95187808,-23.24545331,173.5215631,-1.831265776,147.0350265,
214955555,-2.189298103,-83.65444679,-24.4657457,175.0873715,-1.814777037,145.109175,
215013333,-2.114941923,-87.46993276,-25.77721505,178.5117707,-1.80100589,143.1945339,
215071111,-2.059492588,-91.42199247,-27.10924204,-175.2950235,-1.790418315,141.2553193,
215128888,-2.021912762,-95.49150245,-28.26497667,-165.5419706,-1.782266463,139.3366572,
215186666,-2.008808459,-99.75986981,-28.83469505,-152.1400503,-1.77747141,137.4142321,
215244444,-2.018108251,-104.1801424,-28.52430129,-138.1233177,-1.774417281,135.4870041,
215302222,-2.058013115,-108.8603095,-27.41895588,-126.8732167,-1.773876956,133.5491448,
215360000,-2.133525361,-113.8348654,-25.96311732,-120.0630461,-1.776655195,131.6023381,
215417777,-2.26247087,-119.2098534,-24.48803164,-117.0721909,-1.780784826,129.6825169,
215475555,-2.47100158,-125.0384777,-23.16751052,-116.9852832,-1.787874047,127.7141462,
215533333,-2.795491301,-131.2669186,-22.0903301,-118.7342718,-1.793291368,125.7607224,
215591111,-3.292740146,-137.7744465,-21.25935651,-121.143969,-1.799377769,123.7583958,
215648888,-3.97377199,-144.0787233,-20.60717256,-123.2636815,-1.814144328,121.7063724,
215706666,-4.793292519,-149.8574175,-19.92610269,-124.7689587,-1.839103427,119.578317,
215764444,-5.705043795,-155.3355299,-19.1071172,-126.8287394,-1.881136449,117.453287,
215822222,-6.739156863,-161.0746185,-18.20276095,-130.3350129,-1.940428807,115.3597608,
215880000,-8.04946421,-167.5457911,-17.34264814,-135.6824466,-2.014356816,113.3544314,
215937777,-9.87724956,-174.7384894,-16.62066682,-142.7362137,-2.086904743,111.4834843,
215995555,-12.72847626,177.6880771,-16.16401939,-151.6041002,-2.194331928,109.7229709,
216053333,-17.8913044,173.3876574,-16.03550907,-161.7248839,-2.276726698,108.2186561,
216111111,-29.27080343,-136.2142699,-16.36362787,-172.5913324,-2.332308056,106.9250699,
216168888,-18.93688084,-63.91800256,-17.23930017,176.818334,-2.336389299,105.6548887,
216226666,-13.48052754,-67.75464014,-18.72707243,167.9013069,-2.293439029,104.2484246,
216284444,-10.74417958,-76.22381842,-20.80264649,162.48918,-2.22984253,102.5469935,
216342222,-9.222512987,-84.69641689,-23.37597098,163.2055267,-2.166217227,100.5797102,
216400000,-8.366949622,-92.34884386,-25.90066567,173.580634,-2.114887305,98.36892657,
216457777,-7.908534342,-98.85621861,-27.14922923,-165.4621363,-2.087409319,96.05347986,
216515555,-7.693548821,-104.4819336,-26.13585583,-146.2030548,-2.076020919,93.66424569,
216573333,-7.643943104,-109.2759642,-24.26460143,-136.1678168,-2.079954044,91.19924386,
216631111,-7.701388714,-113.4593822,-22.46533595,-132.5780133,-2.095892463,88.69926792,
216688888,-7.837107798,-117.1535035,-20.96096563,-132.3669975,-2.122830712,86.17566746,
216746666,-8.032701899,-120.345111,-19.69886637,-133.8072924,-2.161990049,83.6333648,
216804444,-8.280050507,-123.1569516,-18.62657563,-136.2193862,-2.211193956,81.06494371,
216862222,-8.575728525,-125.6687429,-17.69545661,-139.2535504,-2.268239587,78.45035744,
216920000,-8.915398422,-127.8733613,-16.86627232,-142.6187747,-2.334368993,75.80992868,
216977777,-9.298945376,-129.817569,-16.12585657,-146.3054432,-2.410838479,73.10931098,
217035555,-9.732755694,-131.4622302,-15.44656147,-150.1542848,-2.493565165,70.4061045,
217093333,-10.22306188,-132.7915947,-14.81707454,-154.2452567,-2.587342458,67.63390659,
217151111,-10.77988223,-133.6967701,-14.23576291,-158.4909284,-2.695823221,64.8301237,
217208888,-11.40485263,-134.1223268,-13.68889154,-162.9005336,-2.818482124,62.01813183,
217266666,-12.1152791,-133.8805011,-13.17519569,-167.5611808,-2.959416802,59.17345117,
217324444,-12.91175167,-132.6873201,-12.68783132,-172.386414,-3.114887082,56.30779821,
217382222,-13.78075615,-130.1937836,-12.22997149,-177.4761309,-3.290771812,53.44429907,
217440000,-14.69021868,-125.79483,-11.802027,177.2321092,-3.488025342,50.61175811,
217497777,-15.53105589,-118.9384073,-11.40350018,171.6706263,-3.705683531,47.84295081,
217555555,-16.09620574,-109.3298181,-11.04426966,165.8281343,-3.945399771,45.18279841,
217613333,-16.11748902,-97.84315212,-10.72583164,159.701196,-4.201842117,42.59180529,
217671111,-15.46777512,-86.76617847,-10.45552045,153.3198521,-4.468052627,40.19477691,
217728888,-14.32957552,-78.20572809,-10.23429545,146.6850122,-4.733433372,37.95315704,
217786666,-12.9842754,-72.83319663,-10.07136833,139.8187247,-4.987391566,35.87874915,
217844444,-11.63687446,-70.24487115,-9.971890694,132.7917033,-5.218186362,33.88491952,
217902222,-10.39300804,-69.70199728,-9.937200097,125.6053781,-5.42795178,31.8685658,
217960000,-9.299111033,-70.6313937,-9.963435054,118.308367,-5.612328702,29.73210502,
218017777,-8.358348036,-72.5112457,-10.05008213,110.9239663,-5.792612,27.36387685,
218075555,-7.574013776,-75.04960018,-10.19145044,103.3782802,-5.996577877,24.72519809,
218133333,-6.932958819,-77.97553858,-10.393163,95.60434108,-6.256920284,21.93447242,
218191111,-6.430774742,-81.10066424,-10.67467749,87.51244633,-6.592848802,19.28087141,
218248888,-6.060201858,-84.21094842,-11.07926114,79.0412177,-6.985078859,17.32986176,
218306666,-5.808594717,-87.09678919,-11.65955853,70.41145923,-7.318674672,16.48658825,
218364444,-5.637939374,-89.50627156,-12.43274065,62.25380578,-7.410457159,16.17363579,
218422222,-5.502591633,-91.45583397,-13.28445139,55.07015499,-7.236999399,14.67070994,
218480000,-5.398926713,-93.24151087,-14.04620801,47.90402537,-7.067410871,10.9112761,
218537777,-5.398476113,-94.73873875,-14.83163883,38.23244987,-7.160472226,6.128662664,
218595555,-5.501734651,-94.81289491,-16.23017268,24.80441414,-7.434876285,2.688970112,
218653333,-5.412971689,-92.64404516,-19.11037505,9.936261563,-7.42694416,0.9555915888,
218711111,-4.856743257,-90.45719631,-24.48204375,2.162377143,-6.941138531,-2.633837405,
218768888,-4.082522689,-90.69755251,-32.12904178,36.33953829,-6.400628629,-9.958313003,
218826666,-3.404110792,-92.97059326,-28.6817145,89.58533091,-6.087772009,-19.76706755,
218884444,-2.901458862,-96.15017555,-25.0142448,95.50442199,-5.983705491,-30.92117815,
218942222,-2.546468129,-99.63162745,-23.16941819,94.04711522,-6.015294048,-43.06885147,
219000000,-2.30734889,-103.1058142,-22.10295836,92.16184945,-6.129900245,-56.29569642,
219057777,-2.162522519,-106.4764559,-21.29225282,90.9606725,-6.268651978,-70.6199044,
219115555,-2.091670221,-109.6549607,-20.48772779,89.93502736,-6.403000204,-86.15322738,
219173333,-2.091217246,-112.6096135,-19.57886316,88.02100279,-6.492834619,-102.7377898,
219231111,-2.152593211,-115.2170706,-18.63380887,84.51386941,-6.507857465,-120.0272294,
219288888,-2.266118214,-117.3804969,-17.7696971,79.02740151,-6.427671031,-137.5205664,
219346666,-2.416228399,-118.9336919,-17.13183213,71.76087797,-6.2494028,-154.6723458,
219404444,-2.556708225,-119.6122267,-16.85006932,63.48550988,-5.982328602,-170.9946777,
219462222,-2.60725661,-119.4361095,-17.02112619,55.61719156,-5.649676583,173.5444679,
219520000,-2.470330678,-118.9507449,-17.52681557,50.73044368,-5.311787591,158.8159358,
219577777,-2.172808185,-119.27917,-17.77873167,49.94437187,-5.07986064,144.7434112,
219635555,-1.87691352,-120.7610562,-17.2933367,49.24620931,-5.037929767,131.7328379,
219693333,-1.684638174,-122.8521145,-16.48247509,44.61945624,-5.19024068,120.3112644,
219751111,-1.586693562,-124.9028254,-15.84630107,36.48123264,-5.504240222,110.742768,
219808888,-1.531575867,-126.6301481,-15.54338307,26.29933742,-5.9455291,103.3520357,
219866666,-1.473126249,-128.0848747,-15.62665294,14.89055311,-6.438637464,98.56179921,
219924444,-1.378105737,-129.3839179,-16.17605027,2.886092893,-6.808646187,96.77645856,
219982222,-1.242519983,-130.7837189,-17.29825642,-8.741283208,-6.774433988,97.188735,
220040000,-1.091573716,-132.5578677,-19.09566029,-18.17749486,-6.227758775,97.38338204,
220097777,-0.9695591011,-134.7023583,-21.51762174,-22.35680956,-5.404268981,95.30142886,
220155555,-0.8982989124,-137.041204,-24.09351996,-17.22757438,-4.615003696,90.97134119,
220213333,-0.8809238688,-139.370893,-25.49390457,-2.448625797,-3.994555954,85.39908977,
220271111,-0.9034829098,-141.5817992,-24.99032261,11.76485404,-3.556701163,79.46575138,
220328888,-0.9520103337,-143.6760993,-23.6541964,18.28724206,-3.260030884,73.57759125,
220386666,-1.016229034,-145.5820144,-22.37533688,19.07402741,-3.064594359,67.92496277,
220444444,-1.088483765,-147.3780531,-21.33527791,16.97008241,-2.944368165,62.55945789,
220502222,-1.165275525,-149.0407291,-20.50949884,13.46014115,-2.875513663,57.46937775,
220560000,-1.244770274,-150.6171896,-19.85113942,9.149914167,-2.850959528,52.62958314,
220617777,-1.323772539,-152.0880207,-19.31968888,4.422307472,-2.860481642,48.00433648,
220675555,-1.402344388,-153.5172588,-18.88094186,-0.5729923355,-2.900151098,43.54021918,
220733333,-1.477296167,-154.8709041,-18.51222067,-5.784672012,-2.973609659,39.24716207,
220791111,-1.550318728,-156.1918928,-18.20852311,-11.24122297,-3.086323103,35.0716091,
220848888,-1.620324963,-157.4560008,-17.97105878,-16.97622541,-3.242813973,31.05360993,
220906666,-1.686873904,-158.7007602,-17.81697785,-23.03911311,-3.457225786,27.24883624,
220964444,-1.739028136,-159.8990898,-17.80818654,-29.4679685,-3.728210864,23.7994611,
221022222,-1.771983929,-161.1221856,-18.02589844,-35.56476831,-4.036181746,20.84420932,
221080000,-1.784618998,-162.5532092,-18.42367008,-40.11028567,-4.375250643,18.10071716,
221137777,-1.807977267,-164.2986726,-18.76086742,-42.84413754,-4.857370558,15.75036155,
221195555,-1.858585333,-166.3066944,-19.04249491,-44.72240882,-5.490798775,15.37516005,
221253333,-1.952809639,-168.5089078,-19.28847967,-44.70619765,-5.941290943,18.10727471,
221311111,-2.101050156,-170.9194078,-19.16026928,-42.21155918,-5.810854093,21.84455653,
221368888,-2.324127265,-173.4619402,-18.33554261,-39.92130567,-5.264593558,23.14882809,
221426666,-2.649920372,-176.0889268,-17.03222099,-40.91981165,-4.73241383,21.67291483,
221484444,-3.119162362,-178.5899272,-15.60955013,-45.65526757,-4.418036143,18.88815305,
221542222,-3.787900231,179.5233239,-14.26304418,-53.78502603,-4.325451157,16.06775886,
221600000,-4.675709155,179.496027,-13.1384199,-65.03695687,-4.384863975,14.17139217,
221657777,-5.570435368,-176.7478966,-12.41484505,-79.02994041,-4.422291492,13.81658183,
221715555,-5.863824874,-169.3489,-12.28139305,-94.58498535,-4.224648476,14.3159856,
221773333,-5.313322161,-163.2738284,-12.79713522,-109.7161137,-3.774268644,13.95186958,
221831111,-4.499448725,-161.5109564,-13.80670304,-122.6492627,-3.275542879,11.98218784,
221888888,-3.863998726,-162.7213601,-15.10041591,-132.7857204,-2.868888018,8.913183169,
221946666,-3.472596614,-165.1648284,-16.49943424,-140.2684876,-2.579188258,5.45814474,
222004444,-3.268030298,-167.9916437,-17.90925869,-145.4762375,-2.380961971,1.93951025,
222062222,-3.20232948,-170.8356964,-19.27933124,-148.7296774,-2.241886007,-1.505273129,
222120000,-3.232675664,-173.6243197,-20.59732658,-150.2950338,-2.146814544,-4.813756466,
222177777,-3.33918304,-176.3103034,-21.82316645,-150.1038571,-2.078352522,-8.046446285,
222235555,-3.517248468,-178.8836072,-22.9163911,-148.2770346,-2.030339232,-11.12718463,
222293333,-3.75893711,178.6448603,-23.82460712,-144.9606908,-1.998549362,-14.17665036,
222351111,-4.068636708,176.2958636,-24.47724152,-140.319619,-1.976403918,-17.13699997,
222408888,-4.454601509,174.1311711,-24.79262002,-134.9524926,-1.963006689,-20.06155457,
222466666,-4.922876512,172.1858371,-24.77057956,-129.6293758,-1.958499452,-22.96034963,
222524444,-5.490323477,170.6155548,-24.43781698,-125.2158904,-1.961400088,-25.79502357,
222582222,-6.171336466,169.6277673,-23.89739555,-122.15946,-1.970051098,-28.66502325,
222640000,-6.973029244,169.5609087,-23.23726481,-120.6398731,-1.985023276,-31.48650891,
222697777,-7.888162435,170.9886554,-22.54768568,-120.7036612,-2.006380408,-34.35213884,
222755555,-8.854350747,174.6437148,-21.89784332,-122.0966079,-2.033930093,-37.23121582,
222813333,-9.707873406,-178.7402477,-21.31263792,-124.5318135,-2.067109668,-40.12708168,
222871111,-10.14632146,-169.1799901,-20.85283195,-127.8353915,-2.10478798,-43.06447314,
222928888,-9.893131881,-158.6952926,-20.54781329,-131.7673027,-2.150065086,-46.09903633,
222986666,-9.011764717,-150.1426207,-20.41735674,-135.8587877,-2.201978641,-49.25329282,
223044444,-7.823252942,-145.0436546,-20.48238947,-139.8397036,-2.26682354,-52.49129277,
223102222,-6.614361022,-143.0869655,-20.77241927,-143.2777734,-2.342818306,-55.95292087,
223160000,-5.5381938,-143.3859782,-21.27244544,-145.3493965,-2.441261645,-59.62688076,
223217777,-4.631930636,-145.1768625,-21.96490599,-145.2378971,-2.569707492,-63.60875551,
223275555,-3.907175406,-147.891203,-22.73173775,-141.4912962,-2.743932593,-67.98878894,
223333333,-3.344259788,-151.1108008,-23.21585767,-132.9832994,-2.984660316,-72.83583519,
223391111,-2.919978885,-154.6393042,-22.79556547,-120.7140771,-3.32504212,-78.26549985,
223448888,-2.627619212,-158.3121767,-21.20164281,-109.6045046,-3.822934306,-84.46106725,
223506666,-2.453877549,-162.0392971,-18.85336519,-104.1104604,-4.571620355,-91.53746772,
223564444,-2.403262694,-165.7055647,-16.32789741,-104.548449,-5.742625046,-99.59357809,
223622222,-2.480408758,-169.1123469,-13.95429903,-109.9037377,-7.671924048,-108.3966619,
223680000,-2.672610135,-171.8918291,-11.91616284,-119.0209081,-11.09817265,-116.1456688,
223737777,-2.929562753,-173.6293386,-10.33155207,-130.8783731,-18.17488095,-110.5600175,
223795555,-3.141841809,-174.2011758,-9.280793103,-144.150561,-19.73739397,-20.90215136,
223853333,-3.212108067,-174.1513935,-8.735245064,-157.4175039,-11.98494231,-9.030061368,
223911111,-3.14722991,-174.2144478,-8.577922249,-169.6274146,-8.356727253,-16.33979241,
223968888,-3.012196151,-174.8182567,-8.664456085,179.6260823,-6.388358061,-25.37610093,
224026666,-2.870524681,-175.9764195,-8.876433174,170.2630789,-5.253961867,-34.00781216,
224084444,-2.752095743,-177.4896942,-9.14249891,162.03324,-4.597733989,-41.91922941,
224142222,-2.666517496,-179.2347986,-9.418146286,154.6642288,-4.247167548,-49.21729863,
224200000,-2.609744228,178.8231363,-9.694204881,147.9028593,-4.125680865,-56.07380946,
224257777,-2.577352268,176.7749937,-9.958849352,141.5046225,-4.202809455,-62.62015768,
224315555,-2.572310622,174.5801153,-10.22327598,135.3318795,-4.485947898,-68.98279561,
224373333,-2.594352067,172.1271285,-10.49489624,129.3721417,-5.023131071,-75.04156363,
224431111,-2.672605921,169.3531288,-10.76276859,123.6538348,-5.88352974,-80.45326879,
224488888,-2.865302028,166.1778543,-10.96855558,118.0890931,-7.153304067,-84.358256,
224546666,-3.269290909,163.0259841,-11.03323056,111.8260017,-8.904849906,-85.06732185,
224604444,-3.913766005,161.2968704,-11.09084119,103.0115536,-11.13137384,-78.7936752,
224662222,-4.547722991,162.5143713,-11.57215425,91.41808563,-12.72210919,-58.59621303,
224720000,-4.776834947,165.6356659,-12.79891114,79.39393647,-11.14829353,-35.81701379,
224777777,-4.598644894,167.9208942,-14.75414058,69.79284269,-8.397855658,-28.84810902,
224835555,-4.278149384,168.3173834,-17.29775785,64.74553103,-6.316140966,-30.7622886,
224893333,-3.974504926,167.2088676,-20.28310754,66.70298567,-4.911497874,-35.38960598,
224951111,-3.757208843,164.8396039,-23.1068952,81.19717088,-3.957468867,-40.68191971,
225008888,-3.716853632,161.3326662,-23.27464311,106.273611,-3.299979307,-46.06819551,
225066666,-4.006932052,157.7018009,-20.98660468,116.7547802,-2.89283268,-51.28831779,
225124444,-4.506462825,156.0818917,-19.55024469,113.8842599,-2.671647339,-55.77542901,
225182222,-4.857164206,156.285089,-19.20668256,109.9403146,-2.519278473,-59.47264558,
225240000,-5.017145782,156.6625244,-19.24060278,108.1418056,-2.383316873,-62.71221506,
225297777,-5.090428629,156.6428249,-19.2950315,107.8464415,-2.264230772,-65.75324502,
225355555,-5.136607571,156.2721415,-19.28579006,108.1669098,-2.162722314,-68.62728299,
225413333,-5.177976692,155.6587731,-19.19778578,108.7021408,-2.078006138,-71.37695045,
225471111,-5.21969213,154.8761496,-19.05482794,109.1780939,-2.009683499,-74.01377471,
225528888,-5.266086601,153.9653738,-18.86492262,109.5329305,-1.954449594,-76.57383551,
225586666,-5.316182283,152.9306627,-18.63464237,109.7242056,-1.910369201,-79.02735486,
225644444,-5.367197505,151.8217477,-18.3700471,109.7729798,-1.876677795,-81.42679726,
225702222,-5.417154908,150.5963463,-18.07461467,109.6360696,-1.853425925,-83.77050077,
225760000,-5.467852443,149.2362085,-17.74463968,109.3529288,-1.839940271,-86.03370631,
225817777,-5.515430584,147.7390294,-17.37558565,108.9046001,-1.836959565,-88.26564624,
225875555,-5.560078439,146.0499849,-16.96471382,108.1362191,-1.845198077,-90.45314419,
225933333,-5.605537215,144.1254275,-16.50511517,107.0889382,-1.867456719,-92.57987568,
225991111,-5.652192755,141.880585,-16.01376613,105.5283694,-1.905202393,-94.66214541,
226048888,-5.711854697,139.2305395,-15.50062266,103.3659981,-1.959000106,-96.60289933,
226106666,-5.801341071,136.1228885,-15.01153272,100.5442231,-2.02460826,-98.41179823,
226164444,-5.932988996,132.5604133,-14.5772497,97.11036069,-2.09350948,-100.014066,
226222222,-6.115765324,128.5478754,-14.22670173,93.41994269,-2.145346426,-101.4322518,
226280000,-6.345130257,124.11373,-13.94160617,89.7383826,-2.177906636,-102.7765809,
226337777,-6.612402277,119.0181951,-13.67982907,86.20844797,-2.192198425,-104.1029827,
226395555,-6.915291345,112.981159,-13.3946282,82.73217961,-2.197089886,-105.5289398,
226453333,-7.27628508,105.5151529,-13.06855256,79.0761346,-2.201717242,-106.9648143,
226511111,-7.721573635,95.95289958,-12.69922106,74.84743904,-2.217325495,-108.4791658,
226568888,-8.293120511,83.30865613,-12.30750547,69.75122311,-2.244899138,-109.943681,
226626666,-9.038235338,66.17140985,-11.95007506,63.34954306,-2.284889883,-111.3484471,
226684444,-9.926321743,42.51999556,-11.72664014,55.38261966,-2.332761089,-112.5292095,
226742222,-10.67424842,10.73488835,-11.79879558,45.93595868,-2.362779983,-113.4843183,
226800000,-10.66818766,-26.82352585,-12.34292549,35.77671848,-2.345081134,-114.3323168,
226857777,-9.792806857,-62.4801883,-13.46733742,26.62611533,-2.276542215,-115.3016067,
226915555,-8.655607018,-91.06349911,-15.12605052,20.6212024,-2.18514617,-116.6343877,
226973333,-7.69864028,-112.9855092,-17.11435909,19.85943793,-2.111191647,-118.3091005,
227031111,-7.008598013,-130.0992486,-18.98024361,26.3222258,-2.076734313,-120.1586473,
227088888,-6.541945078,-144.1560748,-19.86575036,39.39288954,-2.084856586,-122.0563504,
227146666,-6.26965382,-156.4079579,-19.22771124,52.40053591,-2.137606571,-123.9008473,
227204444,-6.193411767,-167.7429497,-17.67585675,59.15763673,-2.228060912,-125.5109836,
227262222,-6.356223122,-178.62224,-16.00514774,59.33135118,-2.336419928,-126.7763264,
227320000,-6.824351197,170.8828082,-14.62978038,55.06537149,-2.437220848,-127.6648731,
227377777,-7.653367603,161.115336,-13.66887512,48.25544508,-2.493471669,-128.1892366,
227435555,-8.854590711,152.8498396,-13.12394444,40.43620334,-2.484213353,-128.6374044,
227493333,-10.38937127,146.8433857,-12.9301066,32.61191002,-2.414401349,-129.231294,
227551111,-12.17206007,143.6693305,-12.99459658,25.4481758,-2.316487568,-130.115644,
227608888,-14.10775308,143.8421358,-13.22202655,19.18663068,-2.210120815,-131.2810598,
227666666,-16.07434415,147.833461,-13.54087014,13.85267558,-2.115628647,-132.6550982,
227724444,-17.8905931,155.9567774,-13.90493295,9.2953679,-2.036591658,-134.1881281,
227782222,-19.29210679,168.1052179,-14.28552995,5.386221809,-1.975902628,-135.8124028,
227840000,-20.00739775,-177.1550887,-14.66140512,2.031568041,-1.929295941,-137.4598026,
227897777,-19.96302799,-162.1248617,-15.02126906,-0.8935161176,-1.895705856,-139.1682425,
227955555,-19.31967157,-148.7372477,-15.35678066,-3.423441872,-1.876465724,-140.8797078,
228013333,-18.29008715,-137.6872391,-15.65724828,-5.625928798,-1.87001818,-142.6145733,
228071111,-17.00106645,-128.7761544,-15.89223887,-7.565901187,-1.876256579,-144.3701375,
228128888,-15.49038665,-121.9533383,-16.032192,-9.399065267,-1.898611416,-146.1350666,
228186666,-13.79390958,-117.7347233,-16.04365326,-11.6060304,-1.945312525,-147.9011277,
228244444,-12.01790599,-116.8593232,-15.93497288,-14.94323522,-2.01754541,-149.6019955,
228302222,-10.40480282,-119.5510672,-15.83652368,-20.19895212,-2.120621658,-151.0945606,
228360000,-9.214927554,-124.8993953,-15.987064,-27.41691593,-2.236446441,-152.268839,
228417777,-8.526457399,-130.8097248,-16.53822629,-35.276658,-2.327429225,-153.1111737,
228475555,-8.190236053,-135.7130291,-17.46768521,-42.38087101,-2.378992504,-153.7674745,
228533333,-8.008853537,-139.2859221,-18.66229958,-47.98547075,-2.390353751,-154.4278427,
228591111,-7.857813018,-141.8221463,-20.04432678,-51.91604358,-2.368760239,-155.1202224,
228648888,-7.681701732,-143.864648,-21.5469044,-53.93729914,-2.321839892,-155.9227496,
228706666,-7.482256929,-145.7055239,-23.13299011,-53.94798761,-2.260192388,-156.8703965,
228764444,-7.270649061,-147.5713734,-24.73789211,-51.74635202,-2.190539801,-157.9634676,
228822222,-7.067159649,-149.5964638,-26.29056445,-47.0561204,-2.115782352,-159.1873747,
228880000,-6.88335986,-151.7657874,-27.71629909,-39.73062306,-2.048009664,-160.5299983,
228937777,-6.72929105,-154.0755165,-28.83308788,-29.70367946,-1.985130368,-161.9593994,
228995555,-6.610275806,-156.5031484,-29.48729025,-17.87295453,-1.927432318,-163.4680005,
229053333,-6.530199557,-159.0197301,-29.54230225,-5.25857351,-1.879073756,-165.0311644,
229111111,-6.494730821,-161.6141152,-29.05364358,6.052839922,-1.836899851,-166.6297493,
229168888,-6.502685842,-164.2430344,-28.19732281,15.33283613,-1.804958442,-168.2395137,
229226666,-6.565146843,-166.9024703,-27.1383202,22.00594757,-1.778566962,-169.9026239,
229284444,-6.676377233,-169.5602698,-26.02495335,26.50892687,-1.758727757,-171.5386777,
229342222,-6.845790964,-172.1471595,-24.93259519,29.3877038,-1.744135006,-173.2137492,
229400000,-7.069231774,-174.6587395,-23.90991281,30.7965369,-1.734375228,-174.8784464,
229457777,-7.355945022,-177.0244088,-22.95075973,31.27834859,-1.730195869,-176.5718797,
229515555,-7.704983324,-179.198319,-22.07436109,31.02753885,-1.728689765,-178.2575988,
229573333,-8.119778316,178.9097743,-21.28344148,30.21862941,-1.731451086,-179.9447786,
229631111,-8.592921351,177.4201954,-20.57885939,29.05938991,-1.737110564,178.3391204,
229688888,-9.117824293,176.4260064,-19.94900773,27.71287494,-1.744618764,176.6178774,
229746666,-9.675788372,176.0822883,-19.38911254,26.42844965,-1.753921211,174.8646643,
229804444,-10.22602675,176.4820534,-18.89423961,25.37697216,-1.765542033,173.0648721,
229862222,-10.72211448,177.5168483,-18.42927729,24.83522579,-1.780026961,171.200864,
229920000,-11.09644949,178.8332278,-17.94383179,25.05640535,-1.80050929,169.2423365,
229977777,-11.32390508,179.5993724,-17.33572896,26.25315516,-1.835228825,167.1139228,
230035555,-11.4595729,178.5146679,-16.43388258,28.23796072,-1.898200338,164.7975124,
230093333,-11.72564872,173.999956,-15.07184475,29.62937636,-2.022322371,162.2579507,
230151111,-12.63769311,164.3404725,-13.26597157,27.88988316,-2.263608824,159.6897596,
230208888,-15.3497087,148.037825,-11.40165135,20.79186952,-2.657327121,157.8297192,
230266666,-23.47977849,119.0731698,-10.06864984,9.025795467,-3.08361483,157.6966425,
230324444,-23.8760978,-40.79611537,-9.516792717,-3.809887336,-3.291190156,158.9216327,
230382222,-15.23567902,-67.00698704,-9.520817725,-14.94356117,-3.257246877,159.8338143,
230440000,-11.64055505,-80.06651683,-9.763051822,-23.77418007,-3.129296977,159.8379168,
230497777,-9.570314133,-89.26585426,-10.06430266,-30.80379427,-2.999137575,159.168307,
230555555,-8.192602515,-96.32443051,-10.35242069,-36.5769879,-2.89204467,158.1025945,
230613333,-7.181260916,-102.0660324,-10.60865032,-41.58022155,-2.809821427,156.823651,
230671111,-6.398159502,-106.9299495,-10.83108305,-46.02707482,-2.749424933,155.4371789,
230728888,-5.767785925,-111.1843277,-11.01675742,-50.14109651,-2.703954777,153.975915,
230786666,-5.247379321,-115.0146478,-11.17776463,-53.99178477,-2.672467142,152.4824639,
230844444,-4.807137312,-118.5510171,-11.31279011,-57.66063114,-2.650005296,150.9514947,
230902222,-4.432097685,-121.8054812,-11.42743898,-61.21758375,-2.635984533,149.4078011,
230960000,-4.11068903,-124.8908321,-11.52371436,-64.6984166,-2.629219544,147.8458915,
231017777,-3.831746052,-127.8271456,-11.6025685,-68.12260557,-2.628580303,146.2624867,
231075555,-3.592100529,-130.6564482,-11.66868188,-71.55320211,-2.633016683,144.6629884,
231133333,-3.389117855,-133.3909278,-11.72019381,-75.01078626,-2.642490805,143.0634613,
231191111,-3.219869826,-136.0596754,-11.75605385,-78.48676881,-2.658689629,141.4452653,
231248888,-3.079744428,-138.6761225,-11.77925907,-82.04138171,-2.680903119,139.7993821,
231306666,-2.972247136,-141.243913,-11.79372129,-85.70660008,-2.710477284,138.1606644,
231364444,-2.899272756,-143.8130335,-11.79555699,-89.5086683,-2.746947956,136.4975337,
231422222,-2.860000978,-146.3548811,-11.79190387,-93.52804754,-2.794898179,134.8383125,
231480000,-2.862147642,-148.8616528,-11.77994231,-97.7543567,-2.85000387,133.2034752,
231537777,-2.912534649,-151.3532097,-11.76555679,-102.3143705,-2.918765006,131.5705608,
231595555,-3.017665979,-153.7604812,-11.75961767,-107.2774246,-3.003209823,129.9600413,
231653333,-3.190431146,-156.0448683,-11.77203017,-112.6839997,-3.103070388,128.4545279,
231711111,-3.443201369,-158.0314844,-11.82097169,-118.6415436,-3.218179941,127.0706464,
231768888,-3.778284735,-159.5478731,-11.93302259,-125.2631212,-3.345302863,125.8874048,
231826666,-4.191691489,-160.2245816,-12.14887907,-132.5386257,-3.476494528,124.9625245,
231884444,-4.634614658,-159.6476393,-12.51126004,-140.4290171,-3.590019348,124.3565965,
231942222,-5.005039927,-157.514452,-13.07994827,-148.6804856,-3.660765142,124.0512541,
232000000,-5.15712463,-154.1198966,-13.88889066,-156.9569844,-3.666119627,123.8775871,
232057777,-5.010497653,-150.4824973,-14.96422617,-164.7034727,-3.598701439,123.6229371,
232115555,-4.612269643,-147.7132463,-16.29101789,-171.3331027,-3.47724391,123.0937413,
232173333,-4.097957306,-146.3431729,-17.82474079,-176.3696358,-3.33163028,122.1636597,
232231111,-3.584888698,-146.2167122,-19.49533372,-179.3249533,-3.186035304,120.8911923,
232288888,-3.13028811,-147.0235178,-21.22813178,-179.9751826,-3.056069515,119.3413326,
232346666,-2.754620716,-148.3680757,-22.90849998,-178.0758164,-2.948150149,117.6162775,
232404444,-2.452503651,-150.0018953,-24.41590373,-173.6270875,-2.860765019,115.7999123,
232462222,-2.215041252,-151.7804333,-25.60619838,-167.2002747,-2.793864604,113.9134251,
232520000,-2.029153449,-153.6307599,-26.38154482,-159.7277872,-2.740063151,112.0040644,
232577777,-1.884178592,-155.4777511,-26.76280113,-152.5183063,-2.702056883,110.078648,
232635555,-1.77369928,-157.2889151,-26.82022477,-146.4342614,-2.670332758,108.1690646,
232693333,-1.69165645,-159.0810907,-26.69798957,-141.6723488,-2.648313502,106.2576157,
232751111,-1.632892743,-160.8383929,-26.48494793,-138.2542395,-2.633530141,104.3475839,
232808888,-1.596380513,-162.5310972,-26.24294633,-136.0562384,-2.622309712,102.4177185,
232866666,-1.580994888,-164.2037277,-26.01593062,-134.8017199,-2.614693863,100.5258783,
232924444,-1.586741813,-165.843215,-25.81371558,-134.214374,-2.612670106,98.62460648,
232982222,-1.612692503,-167.4335721,-25.64151669,-134.1411567,-2.611848785,96.72218386,
233040000,-1.661752949,-168.9985433,-25.50394069,-134.605554,-2.612558465,94.81295623,
233097777,-1.737857709,-170.4792326,-25.41225082,-135.5095044,-2.616533878,92.91758173,
233155555,-1.844536555,-171.8585463,-25.36638851,-136.7420789,-2.62252691,90.99743614,
233213333,-1.989757942,-173.0728732,-25.3749754,-138.3498777,-2.629896797,89.07492632,
233271111,-2.174208582,-173.9583404,-25.45624083,-140.1911974,-2.63901113,87.16975786,
233328888,-2.398040778,-174.3086124,-25.62173051,-142.3632537,-2.648515922,85.23139955,
233386666,-2.624879273,-173.7580256,-25.91624105,-144.494685,-2.659657957,83.31671293,
233444444,-2.752160509,-171.9399098,-26.34660037,-146.0763164,-2.674351721,81.39340703,
233502222,-2.601469103,-169.3448482,-26.85765091,-146.5833423,-2.687584275,79.43889302,
233560000,-2.110580806,-167.743793,-27.2587239,-145.859887,-2.702466386,77.50553399,
233617777,-1.529486244,-168.5149058,-27.44396865,-145.3129786,-2.721818665,75.55042433,
233675555,-1.110841138,-171.0170828,-27.59088501,-146.1271469,-2.741222164,73.61205567,
233733333,-0.8968416509,-174.0213402,-27.88336864,-147.9942363,-2.762663455,71.68059848,
233791111,-0.8111454972,-176.8786823,-28.37280866,-150.1398234,-2.780533169,69.73701272,
233848888,-0.7966807636,-179.4606944,-29.0653627,-151.9615955,-2.798809708,67.78567483,
233906666,-0.8191974172,178.1502527,-29.94808252,-153.1235609,-2.815530449,65.84564404,
233964444,-0.8619520438,175.9363375,-31.00851475,-153.3186587,-2.83039149,63.88252115,
234022222,-0.9162169262,173.803796,-32.30270866,-152.1698234,-2.845411267,61.90995991,
234080000,-0.984161966,171.7142735,-33.87447941,-149.2042129,-2.862204031,59.91441737,
234137777,-1.06318499,169.6279795,-35.70421314,-142.4261192,-2.876415005,57.89505415,
234195555,-1.155313463,167.5320444,-37.7011401,-128.892086,-2.892323741,55.86536419,
234253333,-1.261495809,165.3890003,-38.97291291,-105.6964584,-2.908893483,53.80751211,
234311111,-1.384121027,163.2081494,-38.07906939,-78.87904215,-2.924855678,51.72202998,
234368888,-1.528170376,160.9423446,-35.5986339,-60.30534971,-2.942507195,49.60442383,
234426666,-1.69756361,158.6097494,-32.94725428,-50.90215252,-2.961901955,47.4662551,
234484444,-1.894816394,156.2149898,-30.54737729,-46.72184002,-2.984760145,45.32000756,
234542222,-2.129273893,153.7184467,-28.41537933,-45.48084776,-3.007820364,43.13286363,
234600000,-2.403241824,151.1674504,-26.52452544,-46.084829,-3.038779884,40.91782133,
234657777,-2.726691392,148.5259773,-24.8469221,-47.97693326,-3.070889566,38.66826108,
234715555,-3.109682305,145.8940549,-23.32167401,-50.71930587,-3.111142188,36.43219331,
234773333,-3.56339336,143.2385765,-21.93312603,-54.22741895,-3.157909623,34.1286203,
234831111,-4.098060228,140.685233,-20.65723371,-58.33192051,-3.210492491,31.81801524,
234888888,-4.727808525,138.3302807,-19.49437034,-63.01843458,-3.27498946,29.54728112,
234946666,-5.459162734,136.3085345,-18.43527022,-68.18802999,-3.347380708,27.24077752,
235004444,-6.302815071,134.8767995,-17.47668192,-73.73668283,-3.432636183,25.00240729,
235062222,-7.253726564,134.3337981,-16.62585426,-79.67984693,-3.52307523,22.80765965,
235120000,-8.286656257,135.0562292,-15.87665602,-85.93625861,-3.622900056,20.69560534,
235177777,-9.33911135,137.4016254,-15.23286323,-92.41326922,-3.722692513,18.66274677,
235235555,-10.3120215,141.5702946,-14.69108246,-99.04122978,-3.823112465,16.70866301,
235293333,-11.07680863,147.2543754,-14.25255257,-105.7714158,-3.920918972,14.83965205,
235351111,-11.54140718,153.6478186,-13.91098823,-112.461962,-4.007136382,13.05279478,
235408888,-11.71884359,159.6094512,-13.6598612,-119.121092,-4.085137902,11.30775036,
235466666,-11.72473592,164.371703,-13.49520122,-125.6192446,-4.148317841,9.602924697,
235524444,-11.70816426,167.7586012,-13.4084301,-131.9950695,-4.201895742,7.910677195,
235582222,-11.78907899,170.1994975,-13.39411149,-138.1736826,-4.242190403,6.206405031,
235640000,-12.04477518,172.2872283,-13.45259344,-144.0881927,-4.271963781,4.458052893,
235697777,-12.51375202,174.9058289,-13.57208791,-149.7565231,-4.2933551,2.683964645,
235755555,-13.15599267,179.2178808,-13.74782475,-155.0647088,-4.309615029,0.853312667,
235813333,-13.83558828,-173.5954005,-13.97643406,-160.0485856,-4.317065481,-1.016731452,
235871111,-14.2180133,-162.9932305,-14.24932418,-164.6066893,-4.322009333,-2.94086313,
235928888,-13.91572457,-150.5057907,-14.55537666,-168.7566372,-4.323470104,-4.934564238,
235986666,-12.86603909,-139.585278,-14.8812365,-172.4145047,-4.324642806,-6.975995644,
236044444,-11.43225195,-132.3800913,-15.20828491,-175.5950422,-4.322415391,-9.078033945,
236102222,-9.955521319,-128.7508138,-15.52421394,-178.3394403,-4.321759306,-11.22965086,
236160000,-8.619981404,-127.6331588,-15.81876365,179.3025213,-4.321899613,-13.43749166,
236217777,-7.470962022,-128.0987407,-16.08393438,177.2628859,-4.324949219,-15.70379358,
236275555,-6.502838736,-129.4615192,-16.30837711,175.4204191,-4.331323993,-18.0388627,
236333333,-5.697151929,-131.3688194,-16.49622347,173.7475324,-4.342172701,-20.40504371,
236391111,-5.02442997,-133.5332592,-16.64799589,172.1292179,-4.356428241,-22.83499357,
236448888,-4.465045722,-135.809316,-16.76838574,170.5619557,-4.37673367,-25.31461796,
236506666,-3.997436222,-138.1160556,-16.86510916,169.0071974,-4.403249214,-27.8352382,
236564444,-3.604942711,-140.3679855,-16.93431207,167.4029569,-4.43875076,-30.40835685,
236622222,-3.273936958,-142.5755216,-16.98273156,165.783608,-4.479287835,-33.03494109,
236680000,-2.992117505,-144.659041,-17.01572916,164.0429383,-4.532332147,-35.71027705,
236737777,-2.755306909,-146.7019451,-17.03592442,162.2698104,-4.596327784,-38.41729222,
236795555,-2.551392087,-148.6214939,-17.03941903,160.3987927,-4.674818604,-41.17127595,
236853333,-2.379224794,-150.4407685,-17.02685171,158.414722,-4.769146564,-43.95024911,
236911111,-2.233409724,-152.181973,-17.00108984,156.2234821,-4.884471027,-46.73691564,
236968888,-2.113921343,-153.8512254,-16.96683441,153.7954583,-5.024006918,-49.53061415,
237026666,-2.012754705,-155.4290581,-16.92968241,151.0360943,-5.19258286,-52.2608864,
237084444,-1.936836738,-156.9116547,-16.90450745,147.7284486,-5.397696776,-54.85982077,
237142222,-1.883483512,-158.2881695,-16.93400512,143.6058502,-5.655329779,-57.15416675,
237200000,-1.856738207,-159.4493196,-17.13144009,138.2716001,-5.968005855,-58.72017134,
237257777,-1.839703861,-160.1957279,-17.8283125,131.7587319,-6.238606164,-58.63395268,
237315555,-1.744262179,-160.4073316,-19.61240974,129.1866205,-6.049131884,-57.16195938,
237373333,-1.527348554,-161.1832722,-20.80363901,141.3462367,-5.407125303,-59.32270568,
237431111,-1.375179067,-162.7736572,-19.68770535,149.4490956,-5.124663704,-64.54499052,
237488888,-1.310477452,-164.3542693,-18.66177315,148.9301215,-5.142784454,-69.47254283,
237546666,-1.281836394,-165.7552246,-18.05308429,146.2074457,-5.24616449,-73.76821869,
237604444,-1.266663985,-166.9824338,-17.67395778,143.0689846,-5.362566932,-77.79137037,
237662222,-1.25902938,-168.1205402,-17.4197447,139.9459451,-5.481038691,-81.7810611,
237720000,-1.253962914,-169.1456527,-17.23025991,136.8535944,-5.596493217,-85.89699996,
237777777,-1.255879287,-170.1164591,-17.07730823,133.7543856,-5.711368689,-90.27748269,
237835555,-1.260699561,-171.0437406,-16.95015773,130.6320539,-5.833233104,-95.00677301,
237893333,-1.265237926,-171.905444,-16.83494113,127.4297266,-5.970352694,-100.2717539,
237951111,-1.274269232,-172.7127159,-16.73465832,124.0338161,-6.138637393,-106.2167727,
238008888,-1.284309376,-173.4688553,-16.65452915,120.427803,-6.361479327,-113.0866361,
238066666,-1.29488133,-174.1864915,-16.60689466,116.463054,-6.685482258,-121.2100142,
238124444,-1.305021697,-174.8496066,-16.63045214,112.1060343,-7.197859999,-130.9444644,
238182222,-1.312619226,-175.468637,-16.78106584,107.3882621,-8.062969038,-142.6341231,
238240000,-1.316506495,-176.0751317,-17.12861202,102.8957416,-9.553002206,-156.1506295,
238297777,-1.316868312,-176.6764914,-17.67205028,99.5980393,-12.06515827,-170.2270742,
238355555,-1.317420816,-177.2957107,-18.23340777,98.51157741,-16.07377734,178.6986901,
238413333,-1.323998878,-177.9259243,-18.54873886,99.19245318,-22.11842172,179.8086053,
238471111,-1.335680463,-178.5388114,-18.54350285,99.93549891,-27.81103829,-138.5543618,
238528888,-1.35192916,-179.1417712,-18.32563561,99.70449555,-25.03902326,-101.1029476,
238586666,-1.372422404,-179.712295,-18.02731731,98.27125473,-22.70586648,-96.10966301,
238644444,-1.393377346,179.7480215,-17.72167911,95.85371262,-21.95557935,-98.5647253,
238702222,-1.41824259,179.245012,-17.43510433,92.66613767,-22.32425187,-102.7360661,
238760000,-1.444857963,178.7648803,-17.18391191,88.79982375,-23.76917604,-106.6775261,
238817777,-1.474318348,178.3251541,-16.97993195,84.37201987,-26.6862135,-108.3757528,
238875555,-1.504772368,177.9537962,-16.8307074,79.37237621,-32.68606041,-98.17416394,
238933333,-1.536143751,177.6196134,-16.75042853,73.84363403,-35.70289357,-7.899649203,
238991111,-1.564943419,177.36167,-16.74939354,67.87334977,-26.65408044,18.90196577,
239048888,-1.590583332,177.1711606,-16.85207089,61.44188457,-21.64819447,18.23046674,
239106666,-1.606407263,177.0427654,-17.07304455,54.6828246,-18.3656024,13.23833587,
239164444,-1.610446177,176.9433315,-17.42975298,47.72166608,-16.01129302,6.905590529,
239222222,-1.601863475,176.8596941,-17.92395965,40.69571161,-14.25019916,0.1510242038,
239280000,-1.580372368,176.7588063,-18.56428901,33.83011972,-12.92327271,-6.630629086,
239337777,-1.54848356,176.6173374,-19.35348255,27.17169257,-11.92210215,-13.19652064,
239395555,-1.512210073,176.4132474,-20.28316068,20.86872616,-11.17560342,-19.30733097,
239453333,-1.470389394,176.1450678,-21.3483579,15.08550876,-10.61799811,-24.87426456,
239511111,-1.429476596,175.8133154,-22.55158527,9.79682731,-10.20843013,-29.80619642,
239568888,-1.390515376,175.4320649,-23.8824164,5.046874658,-9.898611354,-34.16426118,
239626666,-1.354963451,174.9910425,-25.38648541,0.9455433925,-9.661946352,-37.88466486,
239684444,-1.323813559,174.5267089,-27.07681437,-2.425447897,-9.464993893,-41.04750474,
239742222,-1.297999092,174.048951,-29.02414633,-4.925457434,-9.284338512,-43.74522125,
239800000,-1.275479857,173.5393322,-31.33461003,-6.14845219,-9.104521306,-46.02315398,
239857777,-1.258137939,173.027494,-34.17690737,-4.859385544,-8.908451209,-47.99769327,
239915555,-1.245151684,172.496222,-37.8816311,1.827341237,-8.691314825,-49.75319962,
239973333,-1.235488734,171.9638911,-42.52377075,25.38101228,-8.443721923,-51.37823382,
240031111,-1.227762892,171.4564576,-43.33985659,77.39168068,-8.164725314,-52.99083724,
240088888,-1.227872295,170.9172777,-39.32522914,106.691142,-7.858235579,-54.65739654,
240146666,-1.228154408,170.3682386,-35.91393682,115.5511719,-7.527065223,-56.43424976,
240204444,-1.231601535,169.8511037,-33.39483234,118.0474212,-7.17699545,-58.4271248,
240262222,-1.237150016,169.311466,-31.50032065,118.133995,-6.815114779,-60.61053118,
240320000,-1.247676986,168.7806397,-29.97837033,116.9335104,-6.451001986,-63.05823214,
240377777,-1.259403249,168.2319979,-28.72798219,115.212836,-6.088097823,-65.76950124,
240435555,-1.27619529,167.7044901,-27.65745229,112.9528867,-5.733480762,-68.74120152,
240493333,-1.294495195,167.1956627,-26.74418006,110.6577227,-5.39760925,-71.98605554,
240551111,-1.316731698,166.6828397,-25.94295025,108.0834947,-5.078644127,-75.54342586,
240608888,-1.341801446,166.1652582,-25.23302993,105.5811026,-4.790371709,-79.37014771,
240666666,-1.368985216,165.6715545,-24.58224096,103.0619686,-4.534869018,-83.51026327,
240724444,-1.398892127,165.1762751,-23.98997553,100.5549953,-4.322588707,-87.96652924,
240782222,-1.430216759,164.6908073,-23.42090332,98.17179502,-4.167947358,-92.78874307,
240840000,-1.463017792,164.2396667,-22.86134693,95.93626612,-4.085423575,-97.94613579,
240897777,-1.498151382,163.7968327,-22.27246514,93.71005231,-4.106165442,-103.467326,
240955555,-1.531798609,163.3547803,-21.62658045,91.39425518,-4.264090681,-109.2390315,
241013333,-1.562729,162.9268488,-20.89055034,88.73712364,-4.597847139,-115.0708776,
241071111,-1.593782355,162.4921945,-20.09085195,85.31191116,-5.151688607,-120.4838963,
241128888,-1.623058347,162.0470293,-19.26538406,80.64273395,-5.944556014,-124.7676773,
241186666,-1.65252025,161.5704595,-18.48672111,74.76975659,-6.898281769,-126.9581491,
241244444,-1.683462792,161.1043405,-17.82556029,67.78406442,-7.834665864,-126.4487718,
241302222,-1.714808234,160.5961252,-17.30575235,60.07104386,-8.516863176,-123.6261299,
241360000,-1.747469507,160.0704619,-16.92925752,51.87375763,-8.81215602,-119.9992328,
241417777,-1.778469229,159.5139216,-16.67941237,43.31366661,-8.785614546,-117.0896598,
241475555,-1.804241557,158.8865209,-16.53687297,34.38779065,-8.60674579,-115.4915186,
241533333,-1.831397547,158.1068718,-16.50277193,24.84473211,-8.412402486,-115.0909704,
241591111,-1.864742658,157.1002449,-16.59396347,14.48988414,-8.286098805,-115.4930811,
241648888,-1.919662616,155.7512001,-16.84655371,2.890957853,-8.274507279,-116.1285772,
241706666,-2.030997726,153.950857,-17.35289125,-10.49876581,-8.386581744,-116.4221827,
241764444,-2.261385946,151.7119714,-18.28999344,-26.49865655,-8.596156776,-115.4897333,
241822222,-2.705033828,149.271162,-19.99935357,-46.29089893,-8.734662112,-112.4479594,
241880000,-3.445937786,147.7469672,-23.12595768,-72.10700254,-8.464276773,-107.6625685,
241937777,-4.394002891,149.0685018,-28.7977744,-113.879755,-7.616853534,-104.0577867,
241995555,-5.136950852,154.1471923,-31.88170275,153.3731124,-6.546022981,-104.0354455,
242053333,-5.31642266,160.8519282,-26.63876563,98.0636388,-5.642045364,-106.8003998,
242111111,-5.03566474,166.3136886,-23.60533104,73.31625973,-5.003094223,-110.6813383,
242168888,-4.581053605,169.7837733,-22.02494721,56.95773986,-4.559346934,-114.7522689,
242226666,-4.124393449,171.6809683,-21.17436392,44.47432013,-4.244402937,-118.6598679,
242284444,-3.719395718,172.6265297,-20.72368267,34.47620824,-4.005801851,-122.3221912,
242342222,-3.373434534,172.9836938,-20.52082946,26.05341346,-3.817509635,-125.8069659,
242400000,-3.078867989,172.9995529,-20.47408547,18.80591532,-3.661472365,-129.1288567,
242457777,-2.830752506,172.775245,-20.52952188,12.52201758,-3.528148354,-132.3221088,
242515555,-2.61559534,172.4133327,-20.65930231,6.960026032,-3.41143559,-135.4531067,
242573333,-2.433266414,171.9377439,-20.8427471,1.942190765,-3.310002165,-138.5057462,
242631111,-2.273442947,171.3990425,-21.06499933,-2.544237785,-3.219829757,-141.5115387,
242688888,-2.137237202,170.7988402,-21.31069995,-6.525289376,-3.137751547,-144.4782653,
242746666,-2.018034138,170.1846914,-21.5889364,-10.14387755,-3.068627505,-147.4189057,
242804444,-1.915534122,169.4986278,-21.88006132,-13.34991575,-3.004634246,-150.3387981,
242862222,-1.828869143,168.8132537,-22.18461796,-16.12299821,-2.948210924,-153.2422104,
242920000,-1.754956571,168.0818532,-22.50084658,-18.49278874,-2.900585442,-156.1592725,
242977777,-1.697788239,167.344089,-22.8066691,-20.45663825,-2.857824883,-159.0499949,
243035555,-1.655375718,166.5654195,-23.09969268,-21.92685744,-2.82158328,-161.9341291,
243093333,-1.628754409,165.7939901,-23.36448429,-22.96105111,-2.793599186,-164.8297139,
243151111,-1.621098231,165.0156597,-23.56096976,-23.4573812,-2.770039563,-167.72745,
243208888,-1.636559226,164.2592536,-23.68094449,-23.5883903,-2.756013072,-170.6314522,
243266666,-1.671109567,163.569864,-23.67088245,-23.57716182,-2.749452679,-173.5616944,
243324444,-1.726694496,163.0107999,-23.52407839,-23.76260396,-2.750425023,-176.4732529,
243382222,-1.795973856,162.6726249,-23.26113053,-24.55162252,-2.759717003,-179.3703629,
243440000,-1.86106627,162.535932,-22.94637331,-26.30637796,-2.77670969,177.7487991,
243497777,-1.908432236,162.6109509,-22.64567984,-29.05474254,-2.796993828,174.9042584,
243555555,-1.924700833,162.7968398,-22.42988794,-32.46117149,-2.817918689,172.0916241,
243613333,-1.911300082,162.980363,-22.31366926,-36.15827122,-2.839316022,169.2734209,
243671111,-1.875895748,163.049444,-22.29270324,-39.85762034,-2.858989585,166.4639114,
243728888,-1.832047778,163.0130162,-22.33108317,-43.27370274,-2.879253288,163.6163404,
243786666,-1.790173142,162.8647836,-22.41246254,-46.45568458,-2.901388049,160.7463226,
243844444,-1.752868699,162.6386041,-22.50150093,-49.33052777,-2.923672688,157.83279,
243902222,-1.72425916,162.3339924,-22.58665934,-51.91419598,-2.950432193,154.8824752,
243960000,-1.702803357,162.0386214,-22.65584973,-54.24198496,-2.982527032,151.8972084,
244017777,-1.692466607,161.7010624,-22.69147318,-56.40863666,-3.018431159,148.8537273,
244075555,-1.689892961,161.3937371,-22.6917141,-58.41752021,-3.060537926,145.79444,
244133333,-1.693485241,161.0988621,-22.64984346,-60.37884612,-3.111065545,142.6767488,
244191111,-1.703237075,160.8442856,-22.55641676,-62.4189822,-3.171091092,139.5089538,
244248888,-1.716044194,160.6364641,-22.40095989,-64.44416444,-3.243384366,136.2971083,
244306666,-1.734236565,160.4954293,-22.17330376,-66.6854283,-3.336213309,133.0255048,
244364444,-1.748891533,160.4205526,-21.87102795,-69.33520567,-3.450014054,129.7472325,
244422222,-1.75913489,160.433871,-21.47945914,-72.51559813,-3.605658021,126.5097324,
244480000,-1.756018062,160.4845632,-21.01017138,-76.87819267,-3.812177858,123.4659358,
244537777,-1.738857574,160.6148105,-20.52346483,-82.91239469,-4.063976258,121.0109401,
244595555,-1.695420014,160.6891487,-20.22416024,-91.10691626,-4.275384262,119.565689,
244653333,-1.641022515,160.5694346,-20.36698814,-100.324915,-4.288881501,118.7258029,
244711111,-1.601034567,160.3078711,-20.93449066,-107.9639291,-4.104899411,117.012117,
244768888,-1.577138278,160.0596786,-21.59188757,-113.0388676,-3.912110413,114.0797668,
244826666,-1.55686001,159.8538353,-22.10544505,-116.4888188,-3.79545314,110.5439626,
244884444,-1.533580683,159.6742745,-22.44896134,-119.5613865,-3.74662524,106.8075709,
244942222,-1.506318152,159.4238781,-22.68375182,-122.8220778,-3.743406076,103.0647937,
245000000,-1.480849785,159.1657143,-22.86202777,-126.4361429,-3.76240135,99.39518672,
245057777,-1.457808377,158.8566611,-23.02426805,-130.4692792,-3.800315585,95.74122628,
245115555,-1.442906922,158.5031355,-23.20463575,-134.9974511,-3.844882404,92.12921142,
245173333,-1.438159207,158.1056199,-23.43297675,-139.8816442,-3.895361685,88.57276295,
245231111,-1.449816969,157.6954941,-23.74392668,-145.1400805,-3.94462222,85.01420863,
245288888,-1.475601505,157.3269991,-24.17042672,-150.5018854,-3.988396202,81.51452403,
245346666,-1.518030583,157.0514987,-24.74002453,-155.7495034,-4.024994367,77.99305738,
245404444,-1.570335925,156.9110197,-25.48981864,-160.4147229,-4.048727936,74.48231406,
245462222,-1.621865535,156.9682353,-26.38610001,-163.7792963,-4.057856915,70.85604358,
245520000,-1.65795292,157.2072565,-27.36690831,-165.0917613,-4.059135418,67.13058582,
245577777,-1.668143656,157.5636704,-28.23396947,-163.8510965,-4.055118202,63.28804583,
245635555,-1.647198162,157.9624934,-28.72677148,-160.5135827,-4.052807618,59.30811986,
245693333,-1.602188137,158.3135263,-28.7386649,-157.0264546,-4.055887055,55.21483341,
245751111,-1.536724365,158.5866289,-28.37273398,-155.0349839,-4.064201691,51.03709348,
245808888,-1.458720523,158.7423582,-27.78514013,-155.1576795,-4.080043116,46.83873798,
245866666,-1.371541316,158.8086292,-27.17437757,-157.3552835,-4.094307202,42.59082074,
245924444,-1.281799497,158.7622707,-26.61351191,-161.2366006,-4.11025979,38.28855838,
245982222,-1.190611321,158.5898539,-26.14900386,-166.2755765,-4.120642502,33.91182805,
246040000,-1.098749241,158.3648881,-25.7835711,-172.2197018,-4.122905345,29.50026001,
246097777,-1.00692874,158.0553938,-25.54535706,-178.9070265,-4.12182256,25.00018546,
246155555,-0.9178101966,157.6381466,-25.41654997,173.8261301,-4.112335615,20.3833789,
246213333,-0.8374013343,157.125966,-25.41208632,166.2790803,-4.097485791,15.6332115,
246271111,-0.7635091131,156.5485221,-25.52561893,158.3426217,-4.079878822,10.74466819,
246328888,-0.6997483004,155.888657,-25.75061261,150.1666553,-4.061352831,5.693993271,
246386666,-0.6479669703,155.1618408,-26.09601307,141.6999232,-4.047555875,0.4682517227,
246444444,-0.6105376908,154.3937621,-26.55316108,132.9744975,-4.038234579,-4.939666229,
246502222,-0.5848399419,153.6028481,-27.13043465,123.9774729,-4.035062286,-10.46863042,
246560000,-0.5720979505,152.8057074,-27.81385653,114.529173,-4.037900884,-16.21476868,
246617777,-0.5712904389,151.976052,-28.64716103,104.252183,-4.050600191,-22.15755244,
246675555,-0.5842835482,151.1730811,-29.63433054,92.68906537,-4.071109854,-28.25843236,
246733333,-0.6083315638,150.3722774,-30.77278337,79.16690877,-4.101838559,-34.62628099,
246791111,-0.6463956029,149.5721505,-32.02737416,62.14141963,-4.141977634,-41.24572511,
246848888,-0.6971942464,148.7670337,-33.22674279,39.90907173,-4.192983752,-48.17346803,
246906666,-0.7653571778,148.0251522,-33.77585123,10.93120011,-4.262780256,-55.48739709,
246964444,-0.8514634383,147.2897024,-32.93439619,-21.24745614,-4.351723501,-63.23113867,
247022222,-0.960921775,146.6529046,-30.83587825,-50.13586667,-4.476807275,-71.51630598,
247080000,-1.093973194,146.1613496,-28.31362359,-73.54029727,-4.648556063,-80.44151995,
247137777,-1.250211499,145.8991799,-25.86566215,-93.60014712,-4.897846207,-90.09521032,
247195555,-1.413960247,146.0283272,-23.65584897,-112.124778,-5.255259083,-100.4545587,
247253333,-1.557532697,146.618804,-21.79822017,-130.2214287,-5.758636839,-111.4714549,
247311111,-1.637521779,147.61464,-20.35269968,-148.3542923,-6.432780017,-122.8777323,
247368888,-1.621885259,148.751358,-19.35615809,-166.0525533,-7.247320804,-134.2744524,
247426666,-1.522532389,149.6010712,-18.77786694,177.1159047,-8.1199061,-145.6638594,
247484444,-1.383281435,149.9684124,-18.54483055,161.6894883,-8.959407939,-157.3422228,
247542222,-1.248602876,149.865128,-18.55220971,147.862123,-9.69701164,-170.0102953,
247600000,-1.140015955,149.454255,-18.71810523,135.6173013,-10.2953062,175.8747176,
247657777,-1.060838111,148.9068619,-18.94152938,124.6100723,-10.7263598,159.5925194,
247715555,-1.013389335,148.2520051,-19.21805522,114.7183159,-10.93831221,141.6495075,
247773333,-0.98903924,147.5774466,-19.50204382,105.6607232,-10.88005958,122.5742125,
247831111,-0.9866709066,146.8983613,-19.78579296,97.17797547,-10.55878799,103.2962852,
247888888,-1.000739524,146.273427,-20.05370543,89.11730527,-10.02629292,84.66531614,
247946666,-1.026800537,145.6967339,-20.32098858,81.23876183,-9.37167244,67.28813424,
248004444,-1.067117498,145.1966279,-20.58292703,73.40433326,-8.67791821,51.35979504,
248062222,-1.113462735,144.7524756,-20.86096834,65.3927561,-8.003932213,36.83734039,
248120000,-1.167518567,144.3801838,-21.17228714,57.083902,-7.384380436,23.56169224,
248177777,-1.22497547,144.1288449,-21.5521016,48.36039211,-6.832207182,11.33894206,
248235555,-1.279139478,143.9774572,-22.03801715,39.09830032,-6.351491738,-0.09336497845,
248293333,-1.328995884,143.951614,-22.66391906,29.24252115,-5.944087629,-10.89674456,
248351111,-1.363006368,143.9891915,-23.49193489,18.75980321,-5.612762525,-21.25217127,
248408888,-1.380998202,144.114354,-24.58620999,7.478606015,-5.363990656,-31.29290012,
248466666,-1.380984629,144.2121677,-26.04111184,-4.794962547,-5.20483978,-41.17250119,
248524444,-1.359542289,144.2813569,-27.97878585,-18.54521199,-5.149159421,-50.94014524,
248582222,-1.325157004,144.274239,-30.63444907,-35.26633033,-5.20907017,-60.64023908,
248640000,-1.283327608,144.1667519,-34.27413929,-59.77030072,-5.406300946,-70.3581283,
248697777,-1.238488666,143.9294409,-38.08437661,-107.1179479,-5.770203629,-80.15169284,
248755555,-1.196437248,143.5913202,-36.45937085,-167.8220881,-6.353414448,-90.05489883,
248813333,-1.161646993,143.1456525,-32.43827078,159.2651458,-7.231015393,-100.0044585,
248871111,-1.136397024,142.6443067,-29.37137147,139.7868586,-8.534260889,-109.8479309,
248928888,-1.122792133,142.0613546,-27.17251744,125.050501,-10.50142847,-118.841278,
248986666,-1.12160468,141.4594425,-25.58668902,112.4243468,-13.56996142,-124.6901171,
249044444,-1.131308478,140.8405904,-24.46812434,101.1384314,-18.47067128,-117.8546234,
249102222,-1.15335443,140.2095229,-23.72226023,91.06729994,-21.46544042,-67.84712281,
249160000,-1.185934842,139.58913,-23.25763662,82.31275931,-16.24970214,-38.97077435,
249217777,-1.227513372,138.9767974,-22.96992753,75.06514288,-12.35440115,-39.23215885,
249275555,-1.277588225,138.3792845,-22.76055683,69.05888683,-9.939181515,-45.79704541,
249333333,-1.337664941,137.8067908,-22.55246058,64.20611485,-8.37001814,-53.84381247,
249391111,-1.40759889,137.2355301,-22.3214589,60.01237538,-7.329867339,-62.05030312,
249448888,-1.488323754,136.7167066,-22.02153412,56.21979111,-6.635119953,-70.02686763,
249506666,-1.578029997,136.2048315,-21.67426796,52.46910197,-6.185968023,-77.6113681,
249564444,-1.682241619,135.7551808,-21.2944776,48.61026686,-5.929915734,-84.84575277,
249622222,-1.796512017,135.3769405,-20.89902335,44.45516462,-5.842479698,-91.77621556,
249680000,-1.92480252,135.1025035,-20.51626674,39.92768194,-5.929603451,-98.35260934,
249737777,-2.063725852,134.9172673,-20.1848289,35.05752989,-6.222868913,-104.3955167,
249795555,-2.212282133,134.9197612,-19.94094299,29.97629542,-6.773058869,-109.1642973,
249853333,-2.368581498,135.1004905,-19.81211468,25.08361035,-7.538680692,-111.0486796,
249911111,-2.522420198,135.5108271,-19.75971843,20.99621458,-8.078848216,-108.2141977,
249968888,-2.664959626,136.227001,-19.62494377,17.89778511,-7.697187488,-103.7675499,
250026666,-2.778044992,137.2047604,-19.33430365,14.58378851,-6.720483038,-103.7670515,
250084444,-2.845807955,138.4230929,-19.01675016,10.28712629,-5.888542866,-107.8560443,
250142222,-2.854510477,139.7678763,-18.80916736,5.271688447,-5.372938409,-113.5336897,
250200000,-2.794727411,141.0718346,-18.75224397,0.2881670178,-5.103888184,-119.6031335,
250257777,-2.674199735,142.1927436,-18.83246281,-4.07162819,-5.010310504,-125.7120381,
250315555,-2.50880983,142.9699983,-18.99451813,-7.25348216,-5.073734149,-131.8287132,
250373333,-2.323628077,143.2977614,-19.10285598,-8.889609635,-5.31104816,-137.9520138,
250431111,-2.145723277,143.2190978,-18.98947621,-9.190927361,-5.780106368,-143.8331278,
250488888,-1.999334172,142.7912857,-18.51540677,-9.483852225,-6.5652697,-148.7793176,
250546666,-1.893937235,142.1793456,-17.74906303,-11.62209201,-7.683751218,-150.9760218,
250604444,-1.824715492,141.5607499,-16.97725608,-16.46438717,-8.817986947,-147.7880473,
250662222,-1.773808642,140.9716815,-16.47683935,-23.18408932,-9.119375614,-140.0002421,
250720000,-1.728446796,140.3838725,-16.3205648,-29.91267022,-8.371458413,-134.5590353,
250777777,-1.690922556,139.6935394,-16.38474866,-35.29651721,-7.391037336,-134.4821143,
250835555,-1.67902321,138.8775074,-16.46195537,-38.80552611,-6.676201225,-137.6302461,
250893333,-1.712049261,138.0487295,-16.32511602,-40.84359715,-6.294283568,-141.8302381,
250951111,-1.790676626,137.4483429,-15.82772903,-42.99245889,-6.185281019,-145.7062545,
251008888,-1.873776063,137.3425833,-15.08231301,-47.30973566,-6.218140309,-148.3963551,
251066666,-1.892335104,137.6067246,-14.40842206,-54.37933451,-6.193869997,-149.7450035,
251124444,-1.814936115,137.7934093,-14.03985277,-63.05724547,-5.98336518,-150.7642648,
251182222,-1.687563421,137.4341959,-14.00242253,-71.90290916,-5.640927228,-152.5185676,
251240000,-1.568024808,136.4011504,-14.19680913,-79.98712531,-5.279201691,-155.1799294,
251297777,-1.502548735,134.8361915,-14.54189102,-87.09266322,-4.965959669,-158.4626188,
251355555,-1.518123676,132.7709953,-14.98331541,-93.2892368,-4.713859168,-162.126871,
251413333,-1.658032968,130.2725717,-15.50798533,-98.35247992,-4.517073326,-165.974098,
251471111,-2.013930821,127.5239244,-16.11420126,-101.8611148,-4.367202247,-169.9118372,
251528888,-2.750903792,125.5382232,-16.68220484,-102.5523594,-4.263919763,-173.9611361,
251586666,-3.855106346,128.2905909,-16.67246369,-100.0431418,-4.216451177,-178.0093927,
251644444,-4.04214603,138.1424068,-15.73502013,-100.4576424,-4.217347177,178.1896667,
251702222,-2.958662983,143.0467864,-14.90517613,-106.8716484,-4.21320097,174.6236464,
251760000,-2.092261791,141.6394113,-14.57211785,-114.5205501,-4.19489432,171.0704099,
251817777,-1.648376249,138.4406549,-14.46178485,-121.541776,-4.181753168,167.4018391,
251875555,-1.461983616,134.9266725,-14.39592081,-127.9300038,-4.183706885,163.6655293,
251933333,-1.435874716,131.2695997,-14.28774221,-134.1122588,-4.202074757,159.8968678,
251991111,-1.545611079,127.3341985,-14.12186861,-140.5308717,-4.240321247,156.0802055,
252048888,-1.823459823,122.8963791,-13.87825326,-147.5726114,-4.299434278,152.273373,
252106666,-2.366670065,117.7193658,-13.57817862,-155.9094999,-4.38974218,148.4868135,
252164444,-3.408113273,111.9413,-13.28686851,-166.2293517,-4.50553559,144.8799998,
252222222,-5.423944347,107.6019651,-13.1963314,-179.3433942,-4.630709917,141.6517235,
252280000,-8.809902186,115.0645532,-13.6925244,164.9613256,-4.692577572,138.8329478,
252337777,-9.696688988,147.7958285,-15.16480401,149.7805784,-4.634619826,135.8287227,
252395555,-6.578139894,162.891216,-17.43828538,140.6974545,-4.53036638,131.8703141,
252453333,-4.446381088,161.9081198,-19.57661307,140.9689956,-4.489430511,127.1397317,
252511111,-3.380759988,157.7863914,-20.39534978,147.4879704,-4.555947675,121.9909219,
252568888,-2.941626025,153.7844406,-19.59128755,151.1726273,-4.761310581,116.6547705,
252626666,-2.924147682,151.1317863,-17.92867318,145.6025392,-5.172623491,111.7457474,
252684444,-3.077666237,151.5869563,-16.43589996,128.8518522,-5.777295113,109.1936244,
252742222,-2.753548373,154.5073326,-16.31150392,103.9361159,-5.964554114,110.1003093,
252800000,-2.052914306,154.5734586,-17.78348508,80.1522009,-5.479837644,108.8508465,
252857777,-1.58608826,152.3627254,-19.86998062,61.80885493,-5.035970455,104.1678037,
252915555,-1.350982807,150.0033886,-21.9050163,46.73837466,-4.805755916,98.29667629,
252973333,-1.230284896,148.0356382,-23.75340552,32.46717149,-4.719428109,92.18246504,
253031111,-1.149574979,146.4389857,-25.45226266,17.84518555,-4.713051588,86.04140354,
253088888,-1.085394178,145.0661157,-26.97340974,2.84056351,-4.753439659,79.97549191,
253146666,-1.028976436,143.7775114,-28.24386397,-12.26079828,-4.813158536,73.86563294,
253204444,-0.9862931308,142.5403301,-29.14437462,-26.73019782,-4.877686622,67.72984611,
253262222,-0.9551730399,141.352547,-29.64435444,-40.12162936,-4.940618532,61.43902525,
253320000,-0.9377447882,140.2091906,-29.75365507,-52.03153616,-4.999997838,54.93964604,
253377777,-0.9331090769,139.1024903,-29.55044185,-62.42453616,-5.057234859,48.18022616,
253435555,-0.9410987189,138.0166768,-29.1058249,-71.40066379,-5.112724119,41.11881482,
253493333,-0.9586714542,136.9851696,-28.48984042,-79.4674986,-5.167494008,33.74999843,
253551111,-0.9870059893,136.0058303,-27.77345377,-86.76648594,-5.221015856,26.09691089,
253608888,-1.02513517,135.0844538,-26.97363834,-93.90644689,-5.275460303,18.07401099,
253666666,-1.072236332,134.1996241,-26.15363992,-101.0344176,-5.326962106,9.748740397,
253724444,-1.127916997,133.3847473,-25.3590648,-108.4442473,-5.380980532,1.080994652,
253782222,-1.188747795,132.6444986,-24.59283489,-116.1932652,-5.43262647,-7.881626863,
253840000,-1.253169947,131.9690524,-23.91016499,-124.3666373,-5.478207893,-17.12609173,
253897777,-1.318133494,131.3890502,-23.32081893,-132.8968333,-5.514684025,-26.62410842,
253955555,-1.379918589,130.8619264,-22.85808819,-141.6616052,-5.540538114,-36.37733342,
254013333,-1.435838199,130.4034725,-22.53398182,-150.5803882,-5.556016974,-46.386636,
254071111,-1.484432012,129.9643256,-22.35757399,-159.4478706,-5.564686289,-56.60506571,
254128888,-1.52422757,129.5061142,-22.32094709,-168.0761225,-5.566583405,-67.0786072,
254186666,-1.55945302,129.0231064,-22.42402992,-176.3549833,-5.580797596,-77.72177017,
254244444,-1.591378663,128.4819611,-22.63546199,176.0429218,-5.6158363,-88.47666646,
254302222,-1.624467125,127.8498271,-22.9332057,169.1876267,-5.679013936,-99.21622008,
254360000,-1.663393028,127.1504082,-23.2845179,163.2656541,-5.781351535,-109.8891595,
254417777,-1.71343288,126.3926567,-23.63033894,158.2301927,-5.925799626,-120.3592748,
254475555,-1.775733524,125.5632565,-23.91533561,154.1384742,-6.109396165,-130.5501392,
254533333,-1.856391406,124.6595622,-24.10726306,150.6638616,-6.336571567,-140.3980699,
254591111,-1.958591249,123.7196336,-24.15046819,147.5769729,-6.600717109,-149.8029405,
254648888,-2.085257401,122.7826829,-24.04571374,144.4892328,-6.901045184,-158.6681022,
254706666,-2.238390949,121.8632569,-23.79427754,140.9491209,-7.232583929,-167.0133053,
254764444,-2.417543912,121.0161272,-23.41575315,136.7354311,-7.580372006,-174.6830944,
254822222,-2.625366045,120.2742336,-22.95391105,131.5905063,-7.917591496,178.383158,
254880000,-2.856556092,119.6952226,-22.45336922,125.4133279,-8.197751081,172.1063841,
254937777,-3.103019435,119.2892237,-21.93288806,118.4475021,-8.387608944,166.0556654,
254995555,-3.354821149,119.0717458,-21.40189145,110.5911345,-8.5096273,159.7269063,
255053333,-3.601650851,118.9981648,-20.84664042,101.9156425,-8.652653029,152.9954533,
255111111,-3.839712266,118.8961464,-20.27751452,92.22285754,-8.863122031,146.1208678,
255168888,-4.080007786,118.5433977,-19.69123246,81.48500813,-9.13719247,139.3320312,
255226666,-4.373404699,117.6601832,-19.09039188,69.47621214,-9.466722125,132.7310692,
255284444,-4.821667505,115.9643767,-18.46636872,55.87092127,-9.848902291,126.2366685,
255342222,-5.666588851,113.4194132,-17.8233012,39.91223352,-10.32318069,119.8315394,
255400000,-7.449389986,111.6782837,-17.27366168,20.09347836,-10.95441008,113.7657257,
255457777,-10.91634681,123.0394502,-17.23662616,-5.524297502,-11.81188545,109.2356021,
255515555,-10.25562409,165.2346603,-18.61798749,-36.30975826,-12.58031548,108.293394,
255573333,-5.709890442,172.8582567,-22.191673,-65.71884933,-12.70813991,108.2297133,
255631111,-3.45373941,166.1810284,-28.20553253,-87.00387687,-12.57391977,105.2139023,
255688888,-2.43332445,159.394917,-39.84867762,-85.73950549,-12.57156293,100.3862125,
255746666,-1.919236087,154.0290142,-37.03099412,32.20242745,-12.72813152,94.94147384,
255804444,-1.638364701,149.7226106,-30.08352484,29.59672384,-13.02279646,89.31561276,
255862222,-1.48070299,146.0842918,-26.5527518,19.7174404,-13.44651665,83.64158635,
255920000,-1.416024019,142.7830849,-24.12341247,8.320584984,-14.02590217,78.04967878,
255977777,-1.444841176,139.7184619,-22.21251361,-4.368496367,-14.80946914,72.95197992,
256035555,-1.595790677,136.9018704,-20.6999923,-18.75944632,-15.82015333,69.42017177,
256093333,-1.87883016,134.8046612,-19.68538659,-34.71996677,-16.88086261,69.06477297,
256151111,-2.220875178,134.0705321,-19.31191127,-50.94468668,-17.47103085,71.66218057,
256208888,-2.470875693,134.616119,-19.51779488,-64.99576709,-17.40729843,72.65638028,
256266666,-2.561402937,135.548023,-19.98845261,-75.2737629,-17.24845351,69.5548857,
256324444,-2.555408497,136.2424805,-20.30129991,-82.0654803,-17.47619228,63.52541534,
256382222,-2.52083944,136.6419759,-20.1992016,-87.4769671,-18.31374908,56.49404456,
256440000,-2.481861546,136.9999745,-19.72723428,-94.06167193,-20.034687,50.75670187,
256497777,-2.415437346,137.4416676,-19.14003552,-103.3986287,-22.93962435,52.45490075,
256555555,-2.289180951,137.8234543,-18.80394041,-115.5665059,-25.46117962,76.37840265,
256613333,-2.11223739,137.7974947,-18.94282949,-128.9355241,-23.13415883,102.2560325,
256671111,-1.936474436,137.2432492,-19.56147316,-141.7447574,-20.01630554,105.2458042,
256728888,-1.803017779,136.3009812,-20.52872634,-153.0062651,-18.02558315,99.86101558,
256786666,-1.718633252,135.2062013,-21.6962453,-162.6057659,-16.82857913,92.69472458,
256844444,-1.670073923,134.0943581,-23.00273287,-171.037011,-16.08920914,85.54277162,
256902222,-1.641991989,133.005367,-24.45153329,-178.777477,-15.60323831,78.72586495,
256960000,-1.621147677,131.9067596,-26.13914715,173.1514618,-15.27458821,72.16095002,
257017777,-1.605371066,130.6761056,-28.29153668,163.7604257,-15.0446197,65.72559772,
257075555,-1.616602511,129.2725571,-31.40656276,150.9874096,-14.89119547,59.26103073,
257133333,-1.665277793,127.7718384,-36.34236802,125.4298195,-14.81077104,52.58461493,
257191111,-1.742149413,126.2135343,-39.1132336,49.45939885,-14.80480269,45.42015175,
257248888,-1.844689379,124.5368024,-32.02473828,-0.03663670037,-14.90946978,37.51690024,
257306666,-1.983119498,122.5957922,-26.51745308,-18.64838525,-15.19460312,28.46395355,
257364444,-2.195317296,120.1958275,-22.30111833,-32.57893562,-15.83823664,17.75823004,
257422222,-2.569975174,117.2469487,-18.81746086,-46.96717059,-17.18539496,5.091557798,
257480000,-3.257855052,114.2677131,-16.00304634,-63.59043326,-20.07650387,-8.3982826,
257537777,-4.353221417,113.1607051,-14.00701541,-82.10119853,-26.68746053,-12.66566817,
257595555,-5.590765893,116.6401325,-12.89938051,-100.4565569,-30.72284993,72.967376,
257653333,-6.353072628,124.6119095,-12.46240896,-116.5063515,-22.53375085,87.13445327,
257711111,-6.363425445,133.3706212,-12.36910508,-129.6805921,-18.95728199,79.20471371,
257768888,-5.874989054,139.9919153,-12.40983544,-140.5197804,-17.02834473,70.32957802,
257826666,-5.209472436,144.059186,-12.48562722,-149.6850559,-15.81002906,62.3211428,
257884444,-4.552043277,146.0997191,-12.56188119,-157.7101853,-14.95485064,55.06086741,
257942222,-3.974332566,146.7706662,-12.63150735,-164.8867213,-14.30114492,48.39254197,
258000000,-3.502178691,146.5581186,-12.68648354,-171.4545998,-13.77292283,42.18441832,
258057777,-3.135007993,145.8189656,-12.72710286,-177.6101838,-13.32446564,36.21081601,
258115555,-2.864842206,144.7855476,-12.7484187,176.5606449,-12.9454698,30.40836504,
258173333,-2.686579461,143.61176,-12.75025116,170.8605424,-12.61586197,24.69830774,
258231111,-2.597433983,142.4771434,-12.73667007,165.1853198,-12.33959438,19.04461754,
258288888,-2.59892222,141.5614342,-12.72609176,159.2555291,-12.11800563,13.49409447,
258346666,-2.686162178,141.2003682,-12.77319516,152.8133682,-11.96387479,8.117949348,
258404444,-2.799154957,141.9771982,-12.9916619,145.9004922,-11.86819981,3.236746881,
258462222,-2.749718252,144.1080619,-13.53276673,139.4910164,-11.75670404,-0.7368671149,
258520000,-2.378423429,145.9945638,-14.32144735,135.928827,-11.49067102,-4.285030644,
258577777,-1.900625531,145.921291,-14.85565948,135.886453,-11.07261784,-8.621568061,
258635555,-1.556355325,144.5245024,-14.90042835,136.4008356,-10.65874522,-13.99953545,
258693333,-1.359096661,142.8228911,-14.67312934,135.6684199,-10.31455943,-20.00393961,
258751111,-1.255317295,141.2648958,-14.37293707,133.659324,-10.03483085,-26.34197689,
258808888,-1.202906048,139.8802458,-14.07053537,130.8662913,-9.807722991,-32.85520406,
258866666,-1.179167374,138.7036546,-13.78791981,127.5028721,-9.617683187,-39.59905776,
258924444,-1.175507842,137.6947731,-13.53034491,123.7503946,-9.467685995,-46.61071271,
258982222,-1.181734388,136.8002313,-13.28752465,119.7306495,-9.357350722,-53.85733872,
259040000,-1.196601642,136.0366625,-13.06691936,115.4063957,-9.287984571,-61.45157549,
259097777,-1.214873378,135.3615916,-12.87212819,110.8282564,-9.26700484,-69.47516572,
259155555,-1.235748748,134.7889611,-12.70136233,105.9762872,-9.305016239,-77.9017318,
259213333,-1.256813033,134.2911199,-12.56520686,100.8681708,-9.413669325,-86.90094807,
259271111,-1.274595157,133.8663336,-12.47259325,95.48560843,-9.605391748,-96.49420856,
259328888,-1.289740615,133.5015275,-12.43380157,89.85154324,-9.902447311,-106.8027445,
259386666,-1.296728698,133.1904272,-12.46124263,84.02124251,-10.32431439,-117.9108627,
259444444,-1.294593623,132.9296894,-12.56832091,77.98133638,-10.89587988,-129.9724068,
259502222,-1.28408742,132.6400763,-12.77045426,71.8517544,-11.63613184,-143.1972133,
259560000,-1.266142978,132.3272086,-13.08130028,65.81862637,-12.56795797,-157.8572876,
259617777,-1.239892687,131.967504,-13.51243116,59.98063021,-13.6898188,-174.4651147,
259675555,-1.211117322,131.5312708,-14.06837168,54.61056103,-14.94816941,166.3373654,
259733333,-1.18405126,131.0158872,-14.74687157,49.89822417,-16.19820091,143.6730391,
259791111,-1.165400378,130.3682909,-15.53454296,46.25197654,-17.11834656,117.4141354,
259848888,-1.159319564,129.6534945,-16.40633751,44.02064563,-17.34459091,89.14869064,
259906666,-1.169483918,128.8466136,-17.29026956,43.65453144,-16.82063693,62.25847298,
259964444,-1.203752559,127.9971636,-18.06849056,45.48511213,-15.87484383,38.95841809,
260022222,-1.26249509,127.1269281,-18.55074063,49.23020382,-14.85044753,19.32805748,
260080000,-1.352180821,126.2719486,-18.58152818,53.81972284,-13.96575437,2.64749786,
260137777,-1.470676201,125.5066632,-18.15726061,57.47290244,-13.30593797,-11.6900658,
260195555,-1.618062488,124.8474898,-17.49378775,59.02639657,-12.86445076,-23.83094813,
260253333,-1.79883047,124.2648357,-16.7782061,58.93725688,-12.54631564,-33.8680128,
260311111,-2.046114048,123.8260059,-15.99312921,58.3682878,-12.19147667,-42.57445316,
260368888,-2.403012086,123.9840321,-14.85222881,56.63461413,-11.82080184,-51.94061497,
260426666,-2.800109748,125.870127,-13.45422426,50.27177773,-11.85187755,-62.52794099,
260484444,-2.944529288,129.6646681,-12.47383842,38.53660769,-12.57417352,-70.70506462,
260542222,-2.683477809,133.2763649,-12.28330999,24.54395314,-13.43928873,-72.15265979,
260600000,-2.218090255,134.9900487,-12.82613224,11.2211537,-13.4011097,-68.8714045,
260657777,-1.789501044,134.9084392,-13.93156395,0.09099430819,-12.40486718,-68.31734995,
260715555,-1.494124661,133.7807425,-15.41678782,-7.828835214,-11.22132275,-72.83212689,
260773333,-1.336857248,132.3322609,-17.10370904,-11.82863748,-10.26330754,-80.64127382,
260831111,-1.289252779,130.9472568,-18.73889518,-11.4274895,-9.609038448,-90.17398105,
260888888,-1.313577407,129.8650525,-19.97621942,-7.086284202,-9.224509754,-100.6231821,
260946666,-1.375963204,129.1862191,-20.56230393,-0.9666547387,-9.067274889,-111.6966081,
261004444,-1.445740433,128.8946739,-20.55875906,4.140390915,-9.110550689,-123.3923331,
261062222,-1.494805857,128.9477109,-20.25854993,7.027707289,-9.352451924,-135.8812293,
261120000,-1.502754416,129.1811926,-19.90708254,8.063166016,-9.803496936,-149.5615891,
261177777,-1.46550165,129.5069179,-19.56163058,8.108650836,-10.49782067,-165.0149229,
261235555,-1.38963435,129.7034339,-19.19141471,7.574237688,-11.48387686,176.8344378,
261293333,-1.290731094,129.6952249,-18.75479126,6.417336746,-12.76545695,154.6769405,
261351111,-1.187402334,129.4406297,-18.26496943,4.078790856,-14.19335674,126.4531893,
261408888,-1.091566896,128.983304,-17.80659848,0.4146947851,-15.13428419,91.17760642,
261466666,-1.01063748,128.4303009,-17.47669865,-4.405753779,-14.78764258,53.50423622,
261524444,-0.9446339989,127.757559,-17.32420305,-9.930229292,-13.39122131,21.26737292,
261582222,-0.8946022245,127.0049893,-17.36829489,-15.53639786,-11.79041594,-3.753833019,
261640000,-0.8582451784,126.2102026,-17.58599105,-20.82921903,-10.39761243,-23.40120279,
261697777,-0.8391349966,125.3350113,-17.93364004,-25.38701246,-9.287244244,-39.4104144,
261755555,-0.8376669561,124.4453827,-18.37080974,-29.06579173,-8.427681359,-52.99993218,
261813333,-0.8575255959,123.5203374,-18.82855185,-31.58915227,-7.765535455,-64.88245299,
261871111,-0.9003904789,122.5799741,-19.23509223,-32.96900888,-7.259060624,-75.39714971,
261928888,-0.9727096281,121.6581473,-19.49707192,-33.37688767,-6.875895248,-84.87288141,
261986666,-1.077415902,120.8381245,-19.52851898,-33.30735903,-6.586806445,-93.46922542,
262044444,-1.2178785,120.2094101,-19.29154581,-33.82056367,-6.364766268,-101.2664096,
262102222,-1.380428515,119.9335621,-18.85440065,-36.13404951,-6.175404555,-108.3157278,
262160000,-1.534360132,120.163074,-18.42243236,-40.92705499,-5.96867509,-114.8106767,
262217777,-1.625149891,120.8017577,-18.24312419,-47.797057,-5.71678417,-121.1067743,
262275555,-1.632689044,121.4366166,-18.46972051,-55.40749063,-5.443560071,-127.6875375,
262333333,-1.594348125,121.7512016,-19.07948727,-61.95339328,-5.197267164,-134.690611,
262391111,-1.560367183,121.7264912,-19.89257369,-66.41600185,-5.022593002,-141.9924096,
262448888,-1.558125391,121.5759869,-20.69868468,-68.68833856,-4.92669906,-149.4191113,
262506666,-1.584776211,121.5556967,-21.3346563,-69.45379156,-4.900358197,-156.8465874,
262564444,-1.604487228,121.8378274,-21.80930199,-69.92497313,-4.935188847,-164.2811379,
262622222,-1.5703591,122.3795132,-22.28366654,-70.53491173,-5.033496235,-171.8001246,
262680000,-1.442633821,122.8054045,-22.94333443,-69.47716556,-5.218677152,-179.517863,
262737777,-1.262210858,122.5252176,-23.30753242,-63.36302745,-5.540749867,172.7941828,
262795555,-1.142797247,121.4722551,-22.3475777,-56.39704182,-6.017290399,165.7038188,
262853333,-1.131748403,120.3089386,-20.67171949,-57.13444863,-6.557634975,159.6884629,
262911111,-1.170479099,119.5515614,-19.33043727,-64.11573354,-7.060905821,154.5923272,
262968888,-1.197917454,119.0972371,-18.50033589,-73.65636627,-7.480927865,149.8813975,
263026666,-1.19465713,118.7151115,-18.06228543,-83.94488457,-7.832411183,145.1317202,
263084444,-1.171865614,118.2374133,-17.89746184,-94.43491847,-8.141556112,140.0665253,
263142222,-1.141915307,117.5943343,-17.92833133,-105.0159361,-8.447291814,134.5288274,
263200000,-1.121210058,116.7717616,-18.1214811,-115.8410504,-8.792659122,128.4706141,
263257777,-1.114021016,115.8400717,-18.45966378,-126.9334124,-9.200549654,121.930324,
263315555,-1.129456815,114.7999694,-18.9720453,-138.6377211,-9.727843864,114.9700427,
263373333,-1.164725298,113.7291012,-19.72051869,-151.1415688,-10.41664424,107.7533863,
263431111,-1.211780493,112.6736145,-20.84562549,-164.4744253,-11.30860488,100.8013824,
263488888,-1.255194888,111.5759376,-22.62488863,-178.1316853,-12.39367308,95.02057329,
263546666,-1.278073221,110.2428009,-25.52524956,170.3765749,-13.50929219,91.42325058,
263604444,-1.309333625,108.2589438,-30.14254849,171.8295564,-14.27191017,89.69877644,
263662222,-1.432220472,105.3210498,-32.12388973,-149.686777,-14.46322063,86.65388514,
263720000,-1.783988331,101.6514885,-27.58897046,-135.1246784,-14.37176125,79.07002901,
263777777,-2.473161118,98.07660172,-24.28229621,-145.5255192,-14.41718743,66.74426482,
263835555,-3.558896739,96.15433974,-22.33883837,-162.2629223,-14.7264594,50.38203402,
263893333,-4.931869072,98.1084977,-21.2621767,178.9544221,-15.241773,30.38901637,
263951111,-6.102193917,105.994465,-20.82910182,159.6402171,-15.76708479,6.79638852,
264008888,-6.321907598,117.7048066,-20.95567506,140.6452035,-16.01506123,-19.54136234,
264066666,-5.521922494,127.0381901,-21.66565882,122.8573919,-15.82848563,-46.34830769,
264124444,-4.381518344,131.149739,-23.05525207,108.5359221,-15.28387585,-70.63808764,
264182222,-3.411618711,131.2601379,-24.92518194,102.990267,-14.55107744,-90.40621606,
264240000,-2.780882616,129.4193924,-25.71523752,109.3258485,-13.6550503,-105.574003,
264297777,-2.433793771,127.2717595,-24.32950112,114.0459729,-12.56801702,-117.9204753,
264355555,-2.246974833,125.4884164,-22.43122213,109.7090415,-11.40984669,-129.248359,
264413333,-2.126940907,124.0788827,-20.9052546,100.9790437,-10.3308075,-140.2617265,
264471111,-2.034191306,122.8896289,-19.74550491,91.05188001,-9.399330845,-150.9259906,
264528888,-1.956037997,121.7642948,-18.83417189,81.11557931,-8.621171851,-161.1720573,
264586666,-1.890993167,120.674768,-18.08050284,71.63213261,-7.983386598,-170.9413641,
264644444,-1.840657275,119.5066851,-17.42288848,62.57482372,-7.464038756,179.751305,
264702222,-1.806671938,118.3023104,-16.8238572,54.01978621,-7.046146977,170.899621,
264760000,-1.791734445,116.9814567,-16.25773099,45.8671166,-6.710703199,162.4657135,
264817777,-1.799701118,115.5360232,-15.70451462,37.97619785,-6.451215744,154.3802497,
264875555,-1.835294348,113.9619236,-15.1565829,30.27939149,-6.257499565,146.6463274,
264933333,-1.907330735,112.2206208,-14.59769063,22.60521343,-6.127990097,139.2177004,
264991111,-2.027871779,110.2911106,-14.01444505,14.8629868,-6.055875201,132.0858839,
265048888,-2.21587068,108.1261567,-13.41407462,6.780227068,-6.048783243,125.2705256,
265106666,-2.509922155,105.7216059,-12.78875252,-1.861572783,-6.114328656,118.8053603,
265164444,-2.966440458,103.1825029,-12.14652965,-11.43565233,-6.263286724,112.8474512,
265222222,-3.672685986,100.8844943,-11.53495126,-22.35311439,-6.502604343,107.7545152,
265280000,-4.741576037,99.9851977,-11.04070543,-35.24739956,-6.799943216,104.070048,
265337777,-6.133605894,103.4105233,-10.85121213,-50.42787969,-6.995996439,102.4550302,
265395555,-7.06641211,114.175015,-11.24462733,-67.40958279,-6.813229927,102.205868,
265453333,-6.536359625,125.5115956,-12.43547713,-83.83546249,-6.184446293,100.6217424,
265511111,-5.566302249,129.5723222,-14.26690985,-96.46345579,-5.472345914,96.31747324,
265568888,-5.099156741,130.6787807,-16.23130926,-104.501147,-4.939782445,90.40171996,
265626666,-4.807016043,133.175474,-18.09596769,-110.2455327,-4.585798904,84.13247823,
265684444,-4.272520346,135.8890541,-20.13725981,-114.9713046,-4.343609883,77.9200276,
265742222,-3.616777198,136.9435211,-22.56165213,-116.9059443,-4.176757289,71.87377218,
265800000,-3.040494937,136.5065971,-25.31801707,-113.2858228,-4.065780709,66.01424615,
265857777,-2.597877786,135.3176301,-27.93314654,-100.6527467,-3.990824113,60.35796362,
265915555,-2.274224016,133.8684897,-29.15873408,-79.10947027,-3.942739559,54.90307114,
265973333,-2.03617241,132.3861502,-28.35542479,-59.49941592,-3.911197015,49.62229976,
266031111,-1.860019824,130.94726,-26.68872016,-48.17564307,-3.891282501,44.49255143,
266088888,-1.729907394,129.5959997,-25.04226801,-43.14287753,-3.884169076,39.47788341,
266146666,-1.634091287,128.3183903,-23.61650054,-41.53993719,-3.884211764,34.56943797,
266204444,-1.561611925,127.1498526,-22.41603825,-41.78233527,-3.892373283,29.76997059,
266262222,-1.508857379,126.0337071,-21.38137872,-43.04100572,-3.905684827,25.02933512,
266320000,-1.47452076,124.9773854,-20.48850379,-45.04092898,-3.928026385,20.3656532,
266377777,-1.451220872,123.9781646,-19.68422942,-47.39606953,-3.95647037,15.73156609,
266435555,-1.440362182,123.0254364,-18.95757259,-49.99442007,-3.990074066,11.16694826,
266493333,-1.441360702,122.1473068,-18.29758215,-52.8489332,-4.035132129,6.646610612,
266551111,-1.450977398,121.274659,-17.6803088,-55.84501663,-4.087770619,2.151039663,
266608888,-1.470477108,120.4394646,-17.10341629,-59.02159189,-4.152526173,-2.327496102,
266666666,-1.497760001,119.6245772,-16.55014184,-62.28866398,-4.230243584,-6.778152598,
266724444,-1.535288501,118.8407358,-16.03035813,-65.72650175,-4.321831432,-11.22249693,
266782222,-1.585124844,118.088699,-15.52655635,-69.25728539,-4.43059528,-15.66682244,
266840000,-1.643545242,117.3515573,-15.04004282,-72.92705014,-4.560709757,-20.11638862,
266897777,-1.712833274,116.6776057,-14.570376,-76.74664841,-4.715347261,-24.57890108,
266955555,-1.794896532,116.0408832,-14.11586693,-80.66585867,-4.896767641,-29.04936803,
267013333,-1.890678017,115.4517751,-13.67737707,-84.77223009,-5.121618853,-33.54878953,
267071111,-1.998361606,114.9479154,-13.25592147,-88.9816256,-5.396508421,-38.06283803,
267128888,-2.118664647,114.5383119,-12.84294078,-93.32726494,-5.74249141,-42.59590355,
267186666,-2.251475205,114.2355195,-12.42879082,-97.73851747,-6.192212979,-46.96246246,
267244444,-2.391818828,114.0656429,-12.00194375,-102.3602011,-6.776947606,-50.82901904,
267302222,-2.538459046,114.0445523,-11.56077302,-107.427289,-7.454305979,-53.53819929,
267360000,-2.690971581,114.1832372,-11.14795495,-113.0817307,-8.115866784,-55.07212574,
267417777,-2.848437637,114.5287084,-10.79802118,-119.1462423,-8.720828689,-55.82123667,
267475555,-3.000066812,115.1276137,-10.52260374,-125.4589229,-9.308486745,-55.95681926,
267533333,-3.134553966,115.9718336,-10.30819825,-131.9555136,-9.877218186,-55.20090992,
267591111,-3.240528593,117.0632334,-10.15887289,-138.5581647,-10.38368995,-53.29032006,
267648888,-3.306604934,118.3392468,-10.06723808,-145.2156971,-10.73062724,-50.20360537,
267706666,-3.322799054,119.7111259,-10.03933293,-151.9528624,-10.83626158,-46.36436135,
267764444,-3.291191961,121.0900673,-10.07049676,-158.7022028,-10.65466396,-42.5528802,
267822222,-3.2138316,122.3721454,-10.16210461,-165.3719273,-10.2264685,-39.56241923,
267880000,-3.101030626,123.4632138,-10.31023495,-171.966597,-9.646930081,-37.87425252,
267937777,-2.960912578,124.3507324,-10.5088773,-178.4310627,-9.00073788,-37.50155316,
267995555,-2.806593179,124.974583,-10.75027047,175.2487477,-8.360454966,-38.30830245,
268053333,-2.649375155,125.4045238,-11.02771086,169.0945162,-7.76460728,-40.0657479,
268111111,-2.497484355,125.6111455,-11.33427256,163.0725303,-7.235023259,-42.50780886,
268168888,-2.355250637,125.6249567,-11.66571477,157.1729299,-6.778655545,-45.46815219,
268226666,-2.229137727,125.5247246,-12.01418929,151.3284203,-6.395411693,-48.77391332,
268284444,-2.121077384,125.3290002,-12.38089085,145.4942222,-6.087291724,-52.30340697,
268342222,-2.031333531,125.0689096,-12.76964859,139.5436969,-5.855868519,-55.99655095,
268400000,-1.964297194,124.8102902,-13.1959802,133.3463629,-5.707996285,-59.7446372,
268457777,-1.913920093,124.6090079,-13.67905385,126.748026,-5.644640266,-63.44960378,
268515555,-1.877781412,124.5442417,-14.28232404,119.6052035,-5.684603299,-66.85651534,
268573333,-1.840325669,124.6878714,-15.11389445,111.9399958,-5.824907709,-69.54835943,
268631111,-1.766811234,125.1294725,-16.34270546,104.5081082,-5.982658253,-70.90021725,
268688888,-1.619720302,125.5252447,-18.0533766,99.700956,-5.965392325,-70.92611869,
268746666,-1.419768856,125.4716327,-19.87049794,100.7030717,-5.635834037,-71.14612348,
268804444,-1.235061045,124.8712395,-20.93433733,106.5337532,-5.160714378,-73.07295874,
268862222,-1.107597607,123.9557156,-21.08397736,111.1850607,-4.753514215,-76.49062398,
268920000,-1.032281349,123.01947,-20.8956245,112.0644808,-4.481402025,-80.58897182,
268977777,-0.9917055844,122.1343351,-20.74001381,110.1128578,-4.332898369,-84.90361786,
269035555,-0.9713034762,121.3502487,-20.72509332,106.4614971,-4.277516217,-89.22999667,
269093333,-0.9657443467,120.6495396,-20.8441538,101.7246863,-4.30200893,-93.47296029,
269151111,-0.9690775116,120.0550372,-21.09011257,96.06878439,-4.404650172,-97.63394828,
269208888,-0.978883662,119.5426501,-21.48905554,89.48465544,-4.587244702,-101.6429993,
269266666,-0.9897871332,119.1228298,-22.07503143,81.85579353,-4.858241288,-105.400198,
269324444,-0.9991862353,118.8078322,-22.90717038,73.03820507,-5.224705924,-108.7153629,
269382222,-1.003090205,118.5676226,-24.08314571,62.73091215,-5.686181037,-111.2970988,
269440000,-0.9950545817,118.3868836,-25.7769991,50.56080403,-6.206206662,-112.7811765,
269497777,-0.9707114913,118.2113998,-28.24444895,35.38801786,-6.715193006,-112.9100577,
269555555,-0.9377639286,117.9716936,-31.94651627,14.22363578,-7.10536779,-111.709831,
269613333,-0.8981204486,117.6455467,-37.01633262,-27.35403898,-7.292093062,-109.7311454,
269671111,-0.8623674873,117.2310524,-37.0057233,-100.2676064,-7.266328491,-107.7214305,
269728888,-0.8348884249,116.7629478,-32.44849857,-139.2538649,-7.070228721,-106.166788,
269786666,-0.8200195901,116.2579614,-29.26021761,-159.1353968,-6.772531331,-105.3184928,
269844444,-0.8145105966,115.7563221,-27.17441788,-173.2541075,-6.411201665,-105.1317858,
269902222,-0.8181064218,115.2974976,-25.78097744,175.0586914,-6.012254322,-105.5454773,
269960000,-0.8244005865,114.8778228,-24.8584767,164.637298,-5.595907078,-106.5720926,
270017777,-0.8336297053,114.4729374,-24.29605452,155.0841801,-5.180281104,-108.1749721,
270075555,-0.8457258026,114.1139714,-24.02346295,146.0138706,-4.781569315,-110.3621385,
270133333,-0.8549345749,113.7580967,-24.00740951,137.4192795,-4.423809284,-113.0701969,
270191111,-0.8707590973,113.4476223,-24.24471772,129.1016175,-4.123314524,-116.1561882,
270248888,-0.8900604743,113.1770608,-24.77516297,120.8460955,-3.8942591,-119.5618185,
270306666,-0.906098378,112.9817804,-25.73539473,112.7328502,-3.746854737,-123.1088832,
270364444,-0.9130180714,112.8748082,-27.41362071,105.5895287,-3.691078797,-126.5573486,
270422222,-0.8958557791,112.8186968,-30.25367887,103.52935,-3.707722215,-129.5826484,
270480000,-0.8471164768,112.6593976,-33.86949791,120.7651023,-3.731899779,-132.0080252,
270537777,-0.7913394634,112.2283145,-33.24803169,155.7632292,-3.698522534,-134.105273,
270595555,-0.7583883129,111.576825,-29.88419505,168.4730197,-3.614102174,-136.348919,
270653333,-0.7579800704,110.8312303,-27.34317521,168.8663139,-3.526370992,-138.8812804,
270711111,-0.7912709411,110.1268714,-25.47902261,165.5948307,-3.469883175,-141.5873634,
270768888,-0.8474828207,109.5022642,-23.98985054,160.9112395,-3.449641667,-144.266507,
270826666,-0.9221152805,109.0724953,-22.73052909,155.0914203,-3.46146723,-146.7779727,
270884444,-1.004890369,108.8509678,-21.67522527,148.0373971,-3.485112785,-149.0403906,
270942222,-1.072962524,108.8755131,-20.84485025,139.8720474,-3.488447567,-150.9783028,
271000000,-1.11386559,109.0876986,-20.28419067,130.9563576,-3.442382158,-152.7633674,
271057777,-1.114488779,109.3657309,-20.01994829,121.8070672,-3.339666392,-154.5909107,
271115555,-1.079312258,109.5387493,-20.01079973,113.0435545,-3.191288044,-156.7084222,
271173333,-1.022137487,109.5384866,-20.21693982,104.9826431,-3.029051468,-159.1740272,
271231111,-0.9589883865,109.3513116,-20.56681355,97.88537172,-2.876792729,-161.9659332,
271288888,-0.9008767054,109.0068155,-20.99963278,91.71304732,-2.745346908,-165.0176362,
271346666,-0.8521175742,108.5456284,-21.47338384,86.33886688,-2.637414212,-168.2002113,
271404444,-0.8136810777,108.0022807,-21.97170897,81.7361434,-2.55448408,-171.5021677,
271462222,-0.7866459963,107.3770014,-22.46953953,77.65203438,-2.490791192,-174.8879579,
271520000,-0.7675290162,106.7553281,-22.96330651,74.13148756,-2.44376633,-178.3454022,
271577777,-0.7585225899,106.0948315,-23.44848736,70.88190669,-2.410495971,178.1359402,
271635555,-0.7566490735,105.3935607,-23.92686062,68.04374114,-2.392482205,174.5548282,
271693333,-0.7613101969,104.6748755,-24.39327851,65.50215312,-2.380617806,170.8942933,
271751111,-0.772954668,103.9148837,-24.8738471,63.18539084,-2.384101586,167.1378535,
271808888,-0.7933376371,103.1611368,-25.34084208,61.25022406,-2.397986638,163.19574,
271866666,-0.8168040412,102.316374,-25.83154235,59.62077395,-2.42069072,159.1911926,
271924444,-0.8521611454,101.4358223,-26.30828024,58.45743903,-2.457285815,155.0356685,
271982222,-0.8976143579,100.493183,-26.81358313,58.01059753,-2.507093514,150.6950065,
272040000,-0.9550897732,99.45466983,-27.30588021,58.60957381,-2.575141991,146.1119842,
272097777,-1.031157091,98.32460604,-27.76920034,60.90751711,-2.672125011,141.2771664,
272155555,-1.134756762,97.03827802,-28.01797921,65.93851099,-2.801256387,136.1646251,
272213333,-1.278992327,95.63970026,-27.66998383,73.97460092,-2.990258256,130.6066557,
272271111,-1.496527913,94.10029773,-26.16081656,82.80638831,-3.274831721,124.6974851,
272328888,-1.833041555,92.62279877,-23.3107686,86.00811643,-3.738401282,118.6432235,
272386666,-2.331381188,92.10111721,-19.84226533,77.9544458,-4.442373783,113.7204641,
272444444,-2.775105583,93.92786354,-16.98667152,57.8401157,-5.087012733,112.1488371,
272502222,-2.784013824,96.20111369,-15.6939614,32.48393259,-5.017328216,110.9456086,
272560000,-2.667651025,95.99715352,-15.49867104,9.732730331,-4.710319083,105.4465134,
272617777,-2.764627308,94.4154067,-15.55511531,-9.588177483,-4.664768163,97.32443052,
272675555,-3.107748583,92.63552164,-15.48355386,-27.51713459,-4.877569855,88.12692733,
272733333,-3.692102225,91.43450367,-15.21925674,-45.7542946,-5.293779517,78.3847778,
272791111,-4.517640293,91.76973817,-14.81286781,-65.34381476,-5.867843626,68.37284846,
272848888,-5.486478355,95.11811837,-14.38744888,-86.69467601,-6.540120932,58.29718929,
272906666,-6.243204942,102.699213,-14.09119078,-109.6487873,-7.177746159,48.03474288,
272964444,-6.304156171,112.9689034,-14.06402247,-133.2920556,-7.615543094,36.85012383,
273022222,-5.575898659,122.6200092,-14.37389553,-156.1332679,-7.804665637,23.24716678,
273080000,-4.152695792,128.1425439,-14.85236228,-176.6561834,-7.802022004,6.448996901,
273137777,-2.88457622,127.3343358,-15.33618371,164.5061953,-7.668639996,-13.25847077,
273195555,-2.146537086,124.6269896,-15.89053791,147.0160646,-7.408215206,-34.67028254,
273253333,-1.709403335,121.9723973,-16.50104138,131.1371125,-7.015180366,-56.44066367,
273311111,-1.431846721,119.6003436,-17.11944244,116.7341305,-6.532995755,-77.47968385,
273368888,-1.250451584,117.5533855,-17.71947935,103.4745804,-6.038351362,-97.13036846,
273426666,-1.133050899,115.7535481,-18.28653099,90.92518452,-5.613212457,-115.2225972,
273484444,-1.05958443,114.2105605,-18.83980001,78.60111795,-5.32791654,-131.7530134,
273542222,-1.014988311,112.900791,-19.43106325,66.07639545,-5.233344234,-146.8036394,
273600000,-0.9865334469,111.7880045,-20.1326851,52.96792509,-5.367519137,-160.2485857,
273657777,-0.965365222,110.8677508,-21.07386681,39.29366704,-5.734915494,-171.6917749,
273715555,-0.9378824351,110.0927892,-22.35219909,25.45358405,-6.257964598,179.3807327,
273773333,-0.9055631116,109.3466037,-24.0293727,12.00619529,-6.778885321,173.0806048,
273831111,-0.8663994271,108.5922584,-26.1466408,-0.3172437336,-7.131218888,168.7490536,
273888888,-0.8316781618,107.8337156,-28.74273362,-11.16969261,-7.264927733,165.1612806,
273946666,-0.8002010674,107.0486614,-31.92975512,-20.21116137,-7.240915879,161.4033735,
274004444,-0.7749902492,106.2498244,-36.04131235,-26.5847638,-7.154182618,157.0190083,
274062222,-0.7562769372,105.4579115,-42.11462994,-25.45588866,-7.079121864,152.0635871,
274120000,-0.7425099799,104.6608355,-51.0573493,29.85261551,-7.062542793,146.6437255,
274177777,-0.7330179463,103.8592142,-43.95613437,91.62859411,-7.126027915,140.8911551,
274235555,-0.7276134906,103.0749625,-39.05954407,94.46759987,-7.287745411,134.8499633,
274293333,-0.7244323918,102.2703677,-36.27728569,89.39116148,-7.566358928,128.5861418,
274351111,-0.723213412,101.4660194,-34.39880421,82.01353433,-7.981273837,122.1122656,
274408888,-0.7247946673,100.6385562,-33.06571332,72.94070928,-8.574788457,115.5098694,
274466666,-0.7348256255,99.80020502,-32.0717845,62.77592526,-9.396502216,108.7552884,
274524444,-0.7422804336,98.92458181,-31.33071458,51.09425333,-10.53592761,102.022769,
274582222,-0.7590776068,97.99167668,-30.72071949,37.90484641,-12.13546249,95.66736683,
274640000,-0.7795609392,97.04817939,-30.23934067,22.91256978,-14.4792431,90.60341979,
274697777,-0.8078845695,96.02849841,-29.79321065,6.303779573,-18.16190673,89.98342223,
274755555,-0.8449907112,94.98132922,-29.30703665,-11.85762029,-24.08539418,111.4603503,
274813333,-0.8925362173,93.90845438,-28.74444478,-31.16621748,-23.03340114,177.8679492,
274871111,-0.9516205437,92.75089283,-28.05231802,-50.74654653,-16.90731133,-166.4462276,
274928888,-1.021360322,91.59628126,-27.27636306,-69.86465461,-13.04390282,-169.0552661,
274986666,-1.104501635,90.35604466,-26.41155494,-87.71475484,-10.47391812,-175.8488586,
275044444,-1.20496989,89.06341431,-25.57026158,-103.9804184,-8.660129083,176.0230555,
275102222,-1.32247203,87.67703141,-24.7721796,-118.5805445,-7.340320786,167.4988901,
275160000,-1.466233097,86.21074564,-24.03979523,-131.4158369,-6.36757456,158.9581777,
275217777,-1.643495203,84.62979851,-23.38119511,-142.6813098,-5.647275788,150.5770358,
275275555,-1.869837256,82.97284312,-22.78890385,-152.4604017,-5.117583368,142.3515874,
275333333,-2.158474815,81.29611019,-22.24927219,-160.7101436,-4.73269815,134.3223653,
275391111,-2.524269437,79.70765904,-21.72603932,-167.53055,-4.468037674,126.3865113,
275448888,-2.981225144,78.36327158,-21.15463167,-172.9625045,-4.30746323,118.4969962,
275506666,-3.532770872,77.56859983,-20.46740729,-177.2207799,-4.245988984,110.5761204,
275564444,-4.156653845,77.6853563,-19.58496113,179.0306407,-4.282214567,102.5792767,
275622222,-4.790245395,79.02191024,-18.48669897,174.9239377,-4.425959141,94.48060458,
275680000,-5.344967889,81.59086483,-17.24326016,169.6365833,-4.685064727,86.26121703,
275737777,-5.752958534,85.02148977,-15.97513561,162.8784255,-5.077978012,77.95403017,
275795555,-5.990325813,88.71702363,-14.78796169,154.6702747,-5.622603928,69.5720001,
275853333,-6.09465636,92.29239474,-13.74586873,145.3964159,-6.348701571,61.18499108,
275911111,-6.104961506,95.64660108,-12.88016362,135.3840678,-7.297970456,52.87381917,
275968888,-6.041572438,98.7728073,-12.19262199,124.9998553,-8.516941572,44.94668385,
276026666,-5.89760208,101.7415789,-11.68928109,114.4741846,-10.07422253,37.75583455,
276084444,-5.66988324,104.3753093,-11.35405256,104.0901804,-12.04091703,32.14063871,
276142222,-5.365945188,106.4909326,-11.16789682,93.99313259,-14.50539927,29.48986951,
276200000,-5.015922286,107.9098623,-11.10759232,84.42231349,-17.48700161,32.72968568,
276257777,-4.657797317,108.5822411,-11.13766427,75.42860536,-20.50680884,47.43109063,
276315555,-4.325803988,108.5795805,-11.2212334,67.10204385,-21.53862986,73.94478859,
276373333,-4.041494183,107.9786574,-11.31765208,59.37302081,-19.90199555,94.22354847,
276431111,-3.821584313,106.9320811,-11.39732186,52.15054923,-17.75302604,102.2571418,
276488888,-3.676713176,105.5120637,-11.42033628,45.24055067,-15.95802318,103.4995091,
276546666,-3.61706107,103.8012115,-11.36508449,38.35698275,-14.56884184,101.3780689,
276604444,-3.665187076,101.8265837,-11.2111059,31.1791379,-13.50415989,97.23696835,
276662222,-3.844901824,99.74606653,-10.95362385,23.18888796,-12.72544943,91.5609809,
276720000,-4.21875023,97.71466043,-10.62144944,13.87301446,-12.24933468,84.47155185,
276777777,-4.858437567,96.41633756,-10.2684797,2.504495973,-12.18271179,76.01008807,
276835555,-5.812570112,97.46618847,-10.02425309,-11.53329385,-12.76256685,66.83299828,
276893333,-6.808169631,103.7670003,-10.11313084,-28.48193516,-14.38728554,59.65654349,
276951111,-6.92867976,115.1612777,-10.77722689,-47.39303744,-17.14008904,63.81818428,
277008888,-5.873052733,123.9543018,-12.08086613,-66.425428,-17.97284808,88.69180707,
277066666,-4.587641373,126.5905211,-13.87125246,-84.01573624,-15.00802025,102.9516577,
277124444,-3.59906064,125.7365119,-15.9011348,-100.0317531,-12.2215815,100.202085,
277182222,-2.919720367,123.6257854,-17.97892485,-115.4914098,-10.33728544,91.33991554,
277240000,-2.454766537,121.2024834,-19.98392856,-131.6761561,-9.112025356,80.41329625,
277297777,-2.13182565,118.7823015,-21.79531661,-149.8530278,-8.346790158,68.58510594,
277355555,-1.907646744,116.3830599,-23.22234213,-170.4477326,-7.927941579,56.25859835,
277413333,-1.759317144,114.0713163,-24.03092901,167.3155298,-7.791985441,43.54975665,
277471111,-1.678634218,111.8055857,-24.16557106,145.8389557,-7.899585581,30.52372931,
277528888,-1.669823123,109.6015087,-23.78798087,127.1177305,-8.221499226,17.13309074,
277586666,-1.743075453,107.5510436,-23.14289258,111.9907487,-8.740225328,3.230286087,
277644444,-1.904239673,105.9935426,-22.3541074,99.69652027,-9.430137055,-11.27475599,
277702222,-2.086592712,105.4392009,-21.47710179,88.86919049,-10.26410057,-26.65394279,
277760000,-2.132194011,105.5962526,-20.73678698,78.28330237,-11.20955916,-43.18155583,
277817777,-2.063252447,105.1049771,-20.32105382,68.87423851,-12.20770166,-61.05144164,
277875555,-2.052076491,103.9435687,-20.10394726,61.85028559,-13.15384471,-80.20832929,
277933333,-2.136132901,102.6538541,-19.87026587,56.94151815,-13.9239912,-100.3205395,
277991111,-2.285332981,101.7706958,-19.48133267,53.54318212,-14.4051593,-120.4641711,
278048888,-2.454036159,101.4386872,-18.86498266,50.51040317,-14.57684082,-139.4914367,
278106666,-2.590250628,101.5943629,-18.06011482,46.75128489,-14.47827373,-156.3425647,
278164444,-2.661986802,102.017215,-17.17390952,41.52951117,-14.20713538,-170.6492102,
278222222,-2.664060682,102.3996726,-16.34776147,34.84983094,-13.82561592,177.4309738,
278280000,-2.621077188,102.4746534,-15.66137576,27.02687446,-13.37992826,167.4363562,
278337777,-2.573108117,102.1854896,-15.15518255,18.51763804,-12.90481865,158.9186665,
278395555,-2.553663204,101.5774041,-14.81476021,9.680683085,-12.4193945,151.4886976,
278453333,-2.571327383,100.7906011,-14.63650388,0.7428998754,-11.94876793,144.7994622,
278511111,-2.63788176,100.0191673,-14.59184889,-8.239856228,-11.48873284,138.7417654,
278568888,-2.741889124,99.33091042,-14.67440405,-17.1755978,-11.0400952,133.1493185,
278626666,-2.874522178,98.81429279,-14.87674958,-26.11721799,-10.61050495,127.8041104,
278684444,-3.027559296,98.52167286,-15.20086033,-35.14423182,-10.1995949,122.6460374,
278742222,-3.186683518,98.48488207,-15.64294451,-44.18745148,-9.810742338,117.4908889,
278800000,-3.337345521,98.64748332,-16.21783523,-53.3630514,-9.449654817,112.3323038,
278857777,-3.479541038,99.01719489,-16.93316863,-62.76789807,-9.130195398,107.0634932,
278915555,-3.604442999,99.53260617,-17.80670444,-72.5855347,-8.866621807,101.6631044,
278973333,-3.710891273,100.1496519,-18.86493911,-83.07387234,-8.666353091,96.12735778,
279031111,-3.797687746,100.8272048,-20.14703715,-94.69566663,-8.55146847,90.47175237,
279088888,-3.871514548,101.5535376,-21.70896963,-108.2930215,-8.531063132,84.73559807,
279146666,-3.936908107,102.2933775,-23.57985804,-125.5638919,-8.632831381,78.9983457,
279204444,-3.996413766,103.0768819,-25.61920792,-149.5720983,-8.879744232,73.40761796,
279262222,-4.055654315,103.931498,-26.98651994,176.404943,-9.303529963,68.11123931,
279320000,-4.106622004,104.939419,-26.25393486,137.8868394,-9.935238905,63.6124495,
279377777,-4.148425318,106.0872185,-23.95236245,107.1466813,-10.79674078,60.5652434,
279435555,-4.165774419,107.4649963,-21.5084484,84.93194193,-11.85419052,60.15198276,
279493333,-4.135776941,109.0189075,-19.42299012,67.48041283,-12.90799236,63.83592784,
279551111,-4.044676893,110.6256319,-17.74660712,52.52975384,-13.47074351,71.96566321,
279608888,-3.890050191,112.1724897,-16.44465704,39.10526555,-13.08309258,81.31838268,
279666666,-3.680065341,113.4381611,-15.46857262,26.76979175,-11.93205662,87.22352802,
279724444,-3.43605992,114.3451275,-14.77953199,15.39199702,-10.59046109,88.53514894,
279782222,-3.179206529,114.8403189,-14.31242194,4.980475473,-9.396181493,86.53238852,
279840000,-2.932319138,114.9837075,-14.02922171,-4.561884419,-8.448885478,82.62612925,
279897777,-2.698964245,114.8580367,-13.89123276,-13.22048495,-7.739879067,77.82389004,
279955555,-2.48351632,114.5404827,-13.87037063,-21.07190351,-7.237294115,72.75609523,
280013333,-2.28483623,114.0499125,-13.9498585,-28.08075519,-6.89579777,67.76888331,
280071111,-2.105839568,113.3822862,-14.10480571,-34.24318137,-6.671795892,63.00568369,
280128888,-1.943517922,112.5528557,-14.31166593,-39.36345676,-6.52439712,58.62127245,
280186666,-1.800616842,111.5804875,-14.52718937,-43.3757853,-6.413304792,54.55938222,
280244444,-1.689899653,110.4241032,-14.68585112,-46.23648468,-6.309080804,50.63755614,
280302222,-1.613355578,109.1563873,-14.70782537,-48.16001447,-6.206585314,46.68295784,
280360000,-1.579555604,107.8018247,-14.52865478,-49.61249723,-6.113172571,42.42356945,
280417777,-1.592074932,106.4219111,-14.12736698,-51.35669142,-6.064782481,37.68049738,
280475555,-1.650928604,105.1493616,-13.54613681,-54.02799933,-6.107160014,32.35919197,
280533333,-1.762554999,104.0149218,-12.85140261,-58.04918131,-6.306186335,26.47723842,
280591111,-1.914968386,103.1671798,-12.12359258,-63.66460141,-6.744302543,20.16140466,
280648888,-2.098248724,102.7690333,-11.44512421,-70.98096584,-7.541477395,13.84985344,
280706666,-2.279256605,102.9433394,-10.90824738,-79.93886237,-8.861291644,8.590568359,
280764444,-2.407304102,103.6975744,-10.60139127,-90.27487652,-10.86273115,7.120282435,
280822222,-2.421641472,104.765068,-10.61324769,-101.521624,-13.31764569,15.61434889,
280880000,-2.313134776,105.5204084,-10.98926668,-112.7852247,-14.23588479,38.02737717,
280937777,-2.14064409,105.4725799,-11.70935085,-123.1522583,-12.28490465,55.53244909,
280995555,-2.003074547,104.3934476,-12.69977855,-131.8439688,-9.894454432,59.69295122,
281053333,-2.002583338,102.4056941,-13.83429893,-138.3053227,-8.084745233,57.35512713,
281111111,-2.248594254,100.0507394,-14.95421995,-142.2900423,-6.81677675,52.74057434,
281168888,-2.839298838,98.70303123,-15.85508875,-144.4143995,-5.930137663,47.48362127,
281226666,-3.62639656,101.0467967,-16.45222557,-146.436298,-5.301394081,42.17531575,
281284444,-3.899858205,107.6247657,-17.00215767,-149.8492142,-4.840802511,37.04528869,
281342222,-3.403000441,113.0937708,-17.75706866,-153.4902782,-4.504066822,32.12209015,
281400000,-2.724490647,114.9895056,-18.67082682,-155.7429245,-4.261346062,27.29708604,
281457777,-2.191024147,114.8021145,-19.55902923,-156.0311165,-4.106061257,22.65166638,
281515555,-1.825265532,113.8236225,-20.26795796,-154.5207752,-4.025713994,18.11001034,
281573333,-1.580007341,112.6361062,-20.66898313,-151.8498073,-4.026771475,13.71925138,
281631111,-1.419355008,111.4287203,-20.67453479,-148.9728465,-4.116320833,9.492647351,
281688888,-1.316173542,110.3441343,-20.26242931,-147.2522369,-4.313302766,5.57707278,
281746666,-1.253170751,109.4682864,-19.53525788,-147.9787072,-4.635041486,2.321139776,
281804444,-1.211009039,108.805283,-18.7016545,-152.0704587,-5.064277142,0.2993440381,
281862222,-1.158752572,108.3650158,-18.00637318,-159.6926522,-5.486653978,0.1278345587,
281920000,-1.080814911,107.994872,-17.68320357,-169.9905411,-5.699157787,1.675999535,
281977777,-0.980154105,107.4796681,-17.85207127,178.4077266,-5.583481066,3.565989831,
282035555,-0.8898325788,106.747456,-18.51063784,166.819851,-5.234004984,4.542246214,
282093333,-0.8279628363,105.9031864,-19.60126775,156.2596178,-4.772768214,4.336373082,
282151111,-0.7883128024,105.0937289,-21.04153314,147.5727237,-4.287719553,3.030743451,
282208888,-0.7631921371,104.3420067,-22.68969966,141.3527904,-3.841031849,0.7812805364,
282266666,-0.7396674573,103.6364671,-24.39788668,137.5077493,-3.473786588,-2.097188377,
282324444,-0.7194312957,102.9487543,-26.07856066,135.801032,-3.193167298,-5.248769034,
282382222,-0.7030194374,102.2314956,-27.66446676,135.709404,-2.983153089,-8.448761442,
282440000,-0.6917415682,101.5178693,-29.15644732,137.1562647,-2.82576495,-11.60439708,
282497777,-0.6894353387,100.7876707,-30.52143023,140.1870991,-2.705597194,-14.65330146,
282555555,-0.6950331093,100.065856,-31.68331604,144.6633504,-2.613739772,-17.596977,
282613333,-0.7125115305,99.34309841,-32.5543104,150.246016,-2.540269134,-20.43977077,
282671111,-0.7438988644,98.60887524,-33.02776288,156.1806491,-2.479614924,-23.20562783,
282728888,-0.786421015,97.90955309,-33.05733775,161.4774405,-2.428393828,-25.87848688,
282786666,-0.8505557154,97.30523582,-32.77631635,164.3396242,-2.38516047,-28.45376233,
282844444,-0.9249439267,96.84329474,-32.30911072,164.2706112,-2.343337712,-30.99506414,
282902222,-1.010899966,96.56718985,-31.87774633,160.9615254,-2.302226128,-33.49034234,
282960000,-1.082186283,96.56505437,-31.64802231,154.5690511,-2.261900174,-35.97146134,
283017777,-1.123777259,96.75715165,-31.78021054,145.8701365,-2.222805903,-38.47322841,
283075555,-1.118122523,97.01146287,-32.30335267,135.8645397,-2.190910388,-40.96400411,
283133333,-1.074455698,97.17252688,-33.21380904,124.7385349,-2.164880621,-43.46893729,
283191111,-1.00614266,97.140496,-34.46971968,113.1310161,-2.15034225,-45.98116234,
283248888,-0.931750895,96.88187964,-35.96001738,100.4970494,-2.143269291,-48.45324434,
283306666,-0.8630802919,96.44560128,-37.58315206,86.56031314,-2.141354827,-50.90905911,
283364444,-0.8034376582,95.87880845,-39.11558095,69.74973923,-2.14710205,-53.33264405,
283422222,-0.7588314864,95.2563011,-40.22071937,50.56222487,-2.15555945,-55.73109768,
283480000,-0.7210839849,94.5731763,-40.58450613,29.66767667,-2.167164726,-58.1060156,
283537777,-0.6926411987,93.85100972,-40.1974913,10.58603547,-2.182968311,-60.47390113,
283595555,-0.6723378066,93.07624052,-39.2870038,-4.528212265,-2.203682329,-62.80885958,
283653333,-0.6610341,92.29685076,-38.15220863,-16.09009835,-2.225954631,-65.1613847,
283711111,-0.6529459785,91.47428603,-37.01686617,-24.69532628,-2.253715773,-67.46911781,
283768888,-0.6495044197,90.61481594,-35.89245099,-31.07740454,-2.283700111,-69.77715874,
283826666,-0.6544747129,89.72734714,-34.87406438,-36.01671361,-2.316498848,-72.07664189,
283884444,-0.6654000482,88.79457297,-33.89896664,-39.58142791,-2.352338991,-74.36556367,
283942222,-0.6805564297,87.83993713,-32.93833998,-42.40726966,-2.389098097,-76.67395208,
284000000,-0.7025979485,86.82621136,-31.9662682,-44.38229758,-2.422980496,-79.01057705,
284057777,-0.7321637653,85.77387665,-30.92301687,-45.7769191,-2.461402815,-81.43761362,
284115555,-0.7710275565,84.67124348,-29.7906324,-47.24253735,-2.510042648,-83.95522271,
284173333,-0.8166156922,83.51217173,-28.57168976,-49.29268101,-2.580610916,-86.56168291,
284231111,-0.8739056954,82.2527594,-27.33826885,-52.0062249,-2.677120664,-89.20355193,
284288888,-0.9421525995,80.94160748,-26.11271957,-55.49737118,-2.801471027,-91.8389018,
284346666,-1.02445145,79.54079648,-24.90725344,-59.67970627,-2.949640171,-94.42510246,
284404444,-1.122002703,78.08000676,-23.72692041,-64.45209534,-3.123187397,-97.01516501,
284462222,-1.238418028,76.54157731,-22.58769064,-69.96775242,-3.323698586,-99.53066757,
284520000,-1.375827154,74.89580762,-21.49040434,-76.2599401,-3.556841496,-102.0357679,
284577777,-1.531677767,73.16144538,-20.45317404,-83.27760059,-3.833833425,-104.4970719,
284635555,-1.713118795,71.28324599,-19.49287051,-91.08185956,-4.172424031,-106.8752464,
284693333,-1.921050423,69.2577026,-18.6259887,-99.71543948,-4.595111796,-109.0598215,
284751111,-2.16546452,67.03304734,-17.88507716,-109.0422333,-5.130305472,-110.7516243,
284808888,-2.45519206,64.52608691,-17.2786173,-119.0911755,-5.781054405,-111.43417,
284866666,-2.812178751,61.73041888,-16.85050861,-129.7719684,-6.502328176,-110.3454519,
284924444,-3.247955025,58.53043053,-16.61969462,-140.8281553,-7.121240623,-106.7941579,
284982222,-3.800544307,54.8234992,-16.59278829,-151.8471699,-7.371524221,-101.2552072,
285040000,-4.520870229,50.46092335,-16.74963171,-162.5969349,-7.102191045,-95.70890284,
285097777,-5.500535469,45.17335052,-17.03961431,-172.9626405,-6.455691548,-92.12861759,
285155555,-6.911173672,38.72730478,-17.41488213,177.0165581,-5.699410994,-91.0123452,
285213333,-9.079049609,30.86790939,-17.8602951,166.9326891,-4.998304215,-91.74534613,
285271111,-12.75970352,21.13662138,-18.40525016,156.5236048,-4.411772888,-93.63145202,
285328888,-20.96610936,5.974364533,-19.11181902,145.6096413,-3.940608249,-96.13498256,
285386666,-23.57898909,-161.4449479,-20.05140308,134.367777,-3.572000208,-98.96932458,
285444444,-13.2980252,-179.954668,-21.26594066,123.1479369,-3.286960235,-101.9243832,
285502222,-9.021200269,169.588827,-22.7455898,112.3441756,-3.064183683,-104.9007445,
285560000,-6.535918512,160.9585068,-24.46756531,102.0402338,-2.890299889,-107.8666221,
285617777,-4.934983003,153.6418565,-26.40248675,92.08008374,-2.751303219,-110.7703242,
285675555,-3.851363223,147.3877957,-28.54484496,81.90370036,-2.637013828,-113.6329675,
285733333,-3.086598854,142.0764055,-30.93184131,70.69878371,-2.546521131,-116.4822208,
285791111,-2.533468466,137.5470807,-33.5625394,56.66793973,-2.473570835,-119.3049877,
285848888,-2.124661199,133.660224,-36.25827075,36.87448658,-2.415250221,-122.0928983,
285906666,-1.812361612,130.2971888,-38.23251178,8.575354908,-2.368346739,-124.8723465,
285964444,-1.57419218,127.3493625,-38.18522445,-22.99232828,-2.33333815,-127.6372356,
286022222,-1.387723141,124.7309198,-36.5278069,-47.69027164,-2.304993741,-130.3963157,
286080000,-1.242026457,122.4064684,-34.50163472,-63.34137035,-2.28114026,-133.1803156,
286137777,-1.129532138,120.3207881,-32.62745021,-74.12215594,-2.262511308,-135.9808269,
286195555,-1.042243573,118.4528639,-30.98460935,-82.3008132,-2.248879157,-138.825381,
286253333,-0.9740954415,116.7682619,-29.54251976,-89.1448724,-2.239330169,-141.7314239,
286311111,-0.9225402821,115.251094,-28.29565011,-95.24789404,-2.235216365,-144.74511,
286368888,-0.8832459036,113.8918814,-27.18856234,-100.9311648,-2.240419118,-147.8277917,
286426666,-0.8523563874,112.6635292,-26.214831,-106.3150154,-2.256332006,-151.0582052,
286484444,-0.8306573752,111.5333289,-25.33579666,-111.3327872,-2.284746109,-154.4093234,
286542222,-0.8112201006,110.5131922,-24.53799378,-116.3080966,-2.330891729,-157.9184146,
286600000,-0.7987600741,109.537072,-23.79997629,-121.1292267,-2.397460495,-161.5689355,
286657777,-0.7877858608,108.6712889,-23.11176204,-125.839889,-2.488128638,-165.42053,
286715555,-0.7803838609,107.8532222,-22.45382994,-130.6720492,-2.612740917,-169.4714914,
286773333,-0.7752818969,107.0750703,-21.82214537,-135.5321696,-2.778992903,-173.7471509,
286831111,-0.7756826931,106.3535004,-21.21593051,-140.6804749,-3.003229331,-178.292853,
286888888,-0.7769697808,105.6792775,-20.63857179,-146.0798837,-3.301159831,176.9687769,
286946666,-0.7837611751,105.0404702,-20.09435953,-151.8799452,-3.700403762,172.0499166,
287004444,-0.7930338624,104.4635444,-19.6064637,-158.1604763,-4.223461761,167.0813024,
287062222,-0.8054520299,103.950212,-19.18662823,-164.9153921,-4.893031371,162.2937838,
287120000,-0.8185499756,103.4977299,-18.86389516,-172.1034056,-5.730246183,158.0081704,
287177777,-0.8308484134,103.1188229,-18.65049242,-179.6900375,-6.728559726,154.6500521,
287235555,-0.8406770154,102.7923011,-18.5634902,172.4261022,-7.861770662,152.6755922,
287293333,-0.841297564,102.5161321,-18.61045844,164.4230936,-9.07534,152.5158847,
287351111,-0.8387663878,102.2665486,-18.7972837,156.3162823,-10.26232979,154.6568872,
287408888,-0.8267122244,102.0580927,-19.1351956,148.1300735,-11.26566714,159.144255,
287466666,-0.8046925458,101.8392133,-19.63827801,139.9869516,-11.88712348,165.4277582,
287524444,-0.7752045791,101.6073476,-20.33479333,131.9650327,-12.01186687,171.8303281,
287582222,-0.7413414292,101.3508761,-21.25306852,124.2319868,-11.72581504,176.5754284,
287640000,-0.7032251849,101.0300893,-22.43433006,116.9571838,-11.264747,178.7679101,
287697777,-0.6659856573,100.6595247,-23.94119838,110.4627197,-10.84278965,178.5891213,
287755555,-0.6307407087,100.2527235,-25.86606099,105.4693144,-10.59187528,176.7855635,
287813333,-0.5955558842,99.79466992,-28.34724976,103.2059191,-10.57969927,174.1460702,
287871111,-0.5688304571,99.33603431,-31.56588868,107.0936211,-10.82693047,171.5060044,
287928888,-0.5444018309,98.83020562,-35.08571126,125.9756857,-11.30252481,169.7149977,
287986666,-0.5241398656,98.30080605,-35.64061878,162.1272735,-11.92303969,169.5700736,
288044444,-0.5098609737,97.77766511,-32.75831469,-175.7320973,-12.52544888,171.5737913,
288102222,-0.4991718302,97.22554131,-30.0198231,-168.9182181,-12.90077361,175.4418199,
288160000,-0.4953592218,96.68311776,-27.93866627,-168.2170877,-12.90857681,179.9816139,
288217777,-0.495092797,96.11534411,-26.38808392,-169.7445131,-12.5623144,-176.2658361,
288275555,-0.5030492278,95.54923952,-25.18129433,-171.9659068,-11.98982705,-174.2272359,
288333333,-0.5143965086,94.97171853,-24.17521167,-174.2664527,-11.31613291,-174.1412555,
288391111,-0.5343228048,94.37084135,-23.26957661,-176.421202,-10.63873886,-176.103175,
288448888,-0.5633551242,93.77211949,-22.34818838,-178.4080378,-10.03044529,179.7425835,
288506666,-0.6056617258,93.16167504,-21.32475885,179.3654137,-9.6467475,173.0693915,
288564444,-0.6729716107,92.55252842,-20.14422675,175.7657127,-9.736733117,164.2067454,
288622222,-0.7668786809,92.07755901,-18.96885015,169.6948347,-10.57239117,154.8451458,
288680000,-0.8806809722,91.89336853,-18.01018902,161.1899133,-12.22892434,148.0373292,
288737777,-0.9822740337,92.08086244,-17.43613829,151.0795672,-14.55658492,147.4117503,
288795555,-1.029085612,92.53439679,-17.31663733,140.6507872,-16.84708559,157.6625753,
288853333,-1.012030537,92.97108324,-17.6201044,131.0969642,-17.37564247,176.1296423,
288911111,-0.9593423635,93.1256106,-18.23308159,123.3850697,-16.07718031,-171.6211721,
288968888,-0.897195073,93.00839995,-19.03186741,117.9241005,-14.58896172,-168.5629197,
289026666,-0.8465181019,92.72364267,-19.87328227,114.9743778,-13.5693679,-170.387152,
289084444,-0.8132542586,92.23713537,-20.62316863,114.3589485,-13.07757303,-174.0091604,
289142222,-0.7989741486,91.72328585,-21.1380481,115.6601034,-13.03590386,-177.6683029,
289200000,-0.8089069378,91.16179338,-21.34901524,117.9148357,-13.36981959,179.7107808,
289257777,-0.8356717233,90.57755917,-21.2556302,120.1652958,-13.96562069,179.3004751,
289315555,-0.8871161643,90.07427104,-20.92209709,121.8710812,-14.64937346,-178.0911127,
289373333,-0.9589195625,89.63424613,-20.4017916,122.7690903,-15.10627016,-172.0740099,
289431111,-1.055187438,89.38906694,-19.71338107,122.6776208,-15.01277558,-164.0772882,
289488888,-1.163618935,89.41812223,-18.86972104,121.1553434,-14.32907908,-156.8272809,
289546666,-1.258527131,89.81820143,-17.95061037,117.4087426,-13.28588401,-151.8223186,
289604444,-1.299518759,90.55755181,-17.13126953,111.3007277,-12.08006032,-149.0469709,
289662222,-1.264984159,91.36248874,-16.57996276,103.2733346,-10.78460826,-148.4459544,
289720000,-1.166511801,91.91133456,-16.3783701,94.46940123,-9.488682933,-150.1630279,
289777777,-1.039713728,92.10641063,-16.53139868,85.75934818,-8.318509049,-154.0023288,
289835555,-0.912105159,91.91834869,-16.97841095,77.91608672,-7.358062133,-159.3486281,
289893333,-0.8058969279,91.44061322,-17.65751934,71.43343184,-6.631086973,-165.5732308,
289951111,-0.7245768619,90.7895079,-18.50014885,66.67052519,-6.120592456,-172.1286894,
290008888,-0.67308034,90.0404973,-19.42392642,63.96830353,-5.795156819,-178.7136339,
290066666,-0.6487992654,89.23798057,-20.32736134,63.49895686,-5.618888119,174.8799453,
290124444,-0.6473615801,88.43666117,-21.08302107,65.21941628,-5.569047847,168.6981155,
290182222,-0.6634574344,87.65802938,-21.54770917,68.82808343,-5.622779953,162.7537957,
290240000,-0.6973934758,86.94037947,-21.61040126,73.39503243,-5.777596085,157.1094511,
290297777,-0.7450646304,86.25139263,-21.24813313,77.51698591,-6.025837421,151.7818969,
290355555,-0.8035643164,85.62611646,-20.57163393,80.20385013,-6.362876256,146.8970982,
290413333,-0.8707496836,85.08174929,-19.70131682,81.00041487,-6.78148643,142.5650735,
290471111,-0.9451911034,84.61819133,-18.7756024,79.86486769,-7.262706284,138.9318946,
290528888,-1.022796658,84.2404508,-17.87695923,77.14991457,-7.779040291,136.118385,
290586666,-1.099996996,83.92467375,-17.04690311,73.16712777,-8.285174737,134.2065718,
290644444,-1.176369895,83.68396037,-16.30297742,68.25806064,-8.730269134,133.1341501,
290702222,-1.248334787,83.47002883,-15.6603377,62.62780026,-9.064084934,132.6456356,
290760000,-1.317442031,83.2961261,-15.10792493,56.53066331,-9.261650742,132.3762384,
290817777,-1.382129493,83.12376042,-14.64235734,50.10906921,-9.32704487,131.8454628,
290875555,-1.44372913,82.9414551,-14.24740162,43.42467742,-9.290789693,130.742366,
290933333,-1.510050061,82.70589787,-13.91590136,36.53553549,-9.197196901,128.8361213,
290991111,-1.583189437,82.44182714,-13.63418668,29.4857678,-9.095252506,126.0625149,
291048888,-1.669502731,82.14449622,-13.39853603,22.25519592,-9.01911642,122.4273546,
291106666,-1.780767852,81.85258794,-13.20848369,14.87751387,-9.006459326,118.0018941,
291164444,-1.921390747,81.60385768,-13.04888052,7.306840975,-9.083090814,112.7634624,
291222222,-2.088041167,81.55457716,-12.91262687,-0.3614285896,-9.279323476,106.8238596,
291280000,-2.272831942,81.83146268,-12.77292725,-8.306081899,-9.633574149,100.2477198,
291337777,-2.444326368,82.39213525,-12.62568548,-16.80239127,-10.16901668,93.27980086,
291395555,-2.604015054,83.15680392,-12.50965633,-26.16983821,-10.90106297,86.05136942,
291453333,-2.758911405,84.09293773,-12.47673013,-36.38336581,-11.83434273,78.79070305,
291511111,-2.909256388,85.39569873,-12.57193349,-47.39471162,-12.95982261,71.60003297,
291568888,-3.025015454,87.13371823,-12.84206786,-59.01525569,-14.22839978,64.57299382,
291626666,-3.059513777,89.28370656,-13.32109157,-71.01347571,-15.50904126,57.08867647,
291684444,-2.979247714,91.57768087,-14.03743554,-82.78683762,-16.68829588,47.3795369,
291742222,-2.778664973,93.58041866,-14.96889203,-93.73794533,-17.72503785,32.54812036,
291800000,-2.504469682,94.96592888,-16.03022622,-103.3497617,-18.49003357,10.24022508,
291857777,-2.221060239,95.68108127,-17.10571362,-111.556945,-18.49259351,-18.86122463,
291915555,-1.957494527,95.83305531,-18.08891998,-118.7406625,-17.35792887,-48.9266701,
291973333,-1.735950768,95.64265553,-18.9529135,-125.4927656,-15.54482328,-74.18397782,
292031111,-1.554724262,95.27285074,-19.72141107,-132.2920147,-13.67667327,-93.95729468,
292088888,-1.406856303,94.80331831,-20.41614148,-139.2696062,-12.01686327,-109.770653,
292146666,-1.286461265,94.29719438,-21.07688282,-146.4284649,-10.62487478,-122.963541,
292204444,-1.186558494,93.76175655,-21.71080699,-153.7088103,-9.464981985,-134.4547771,
292262222,-1.102507585,93.22221428,-22.31095821,-160.9782206,-8.511055019,-144.7751753,
292320000,-1.031803746,92.72983722,-22.86167748,-168.026164,-7.728447599,-154.2868767,
292377777,-0.9722711471,92.19662693,-23.35240138,-174.9981844,-7.102266163,-163.2298036,
292435555,-0.9209903539,91.71959222,-23.75925748,178.3376599,-6.613871044,-171.8398513,
292493333,-0.8786434363,91.23051561,-24.03190737,171.8748047,-6.265892303,179.7159098,
292551111,-0.8413120915,90.75639619,-24.16012937,165.5256648,-6.079441409,171.290449,
292608888,-0.813977013,90.29366383,-24.09824707,159.064188,-6.113513603,162.7740497,
292666666,-0.7909247259,89.87025535,-23.82546249,151.7849421,-6.490297881,154.3120946,
292724444,-0.772954345,89.45278891,-23.42455979,142.8614457,-7.421555853,147.3079375,
292782222,-0.7572161566,89.09291288,-23.14229695,131.5696615,-8.941664835,146.2796523,
292840000,-0.7397006507,88.7563922,-23.29118437,119.1718149,-9.735762827,155.7145121,
292897777,-0.719444914,88.39034636,-23.89441283,108.6814625,-8.594749934,163.5902327,
292955555,-0.7035799022,88.02290542,-24.61092954,101.3663648,-7.126409464,162.5162007,
293013333,-0.692077069,87.62995209,-25.17114961,96.72229969,-6.118824857,157.3753306,
293071111,-0.6863799554,87.2404307,-25.46265571,93.5916843,-5.505244134,151.1870056,
293128888,-0.6831471329,86.87509209,-25.4905818,90.89085536,-5.1588062,144.9172866,
293186666,-0.6817464792,86.52597235,-25.30499586,88.01394958,-5.008854046,138.8379556,
293244444,-0.6815015891,86.2074998,-24.94248001,84.47576702,-5.02316415,133.143097,
293302222,-0.6840491304,85.86226576,-24.51661543,79.68727136,-5.183520357,128.083019,
293360000,-0.6826461562,85.54931398,-24.14039729,73.74653562,-5.465112113,124.1373471,
293417777,-0.6846898763,85.22447464,-23.9657299,66.84084629,-5.762357889,121.814426,
293475555,-0.6896017845,84.8508459,-24.10963493,60.04204607,-5.873754593,121.0947062,
293533333,-0.7030480853,84.48093558,-24.5993385,55.14509045,-5.632164173,120.4999486,
293591111,-0.7272199673,84.12844768,-25.14438777,54.21731873,-5.144798175,118.1206098,
293648888,-0.7572550221,83.85864923,-25.21212902,57.01360675,-4.67644147,113.5380618,
293706666,-0.7855437684,83.65161465,-24.54363816,59.78192025,-4.389308781,107.5228436,
293764444,-0.8103613549,83.49736683,-23.42017583,59.74657738,-4.316982205,100.9768625,
293822222,-0.828941213,83.36573949,-22.21162045,56.61291422,-4.427552152,94.42910735,
293880000,-0.840358037,83.24781316,-21.09609942,51.35759172,-4.681173369,88.13376824,
293937777,-0.8498994138,83.09491371,-20.0998448,44.85373875,-5.042573774,82.23909606,
293995555,-0.8567960916,82.96106353,-19.23312919,37.48782498,-5.488323464,76.72949598,
294053333,-0.8611671189,82.75501272,-18.47290412,29.60386505,-5.995224267,71.59760165,
294111111,-0.8721711248,82.55488027,-17.79889551,21.20793017,-6.552441942,66.74126581,
294168888,-0.8865880553,82.30980253,-17.18542946,12.50379996,-7.1498292,62.07864497,
294226666,-0.9091782465,82.0822816,-16.63175385,3.357028187,-7.795739819,57.44829954,
294284444,-0.9399848357,81.83499907,-16.12937371,-6.292651174,-8.51488552,52.66420002,
294342222,-0.9869109657,81.65975748,-15.67598503,-16.50852389,-9.343995356,47.51574072,
294400000,-1.040101794,81.54013291,-15.27948881,-27.38006033,-10.37274024,41.96300615,
294457777,-1.102713298,81.58328016,-14.96693001,-39.03388195,-11.73981189,36.02227848,
294515555,-1.161471797,81.7928698,-14.76701529,-51.4994793,-13.66823009,30.31685762,
294573333,-1.205671135,82.16389435,-14.71558439,-64.67715082,-16.51534803,26.89726862,
294631111,-1.21817185,82.71678828,-14.84323232,-78.42961613,-20.76017561,32.97916232,
294688888,-1.192448051,83.25497548,-15.1631445,-92.49840082,-24.38343804,68.95174628,
294746666,-1.127923285,83.72115278,-15.66811831,-106.4377472,-21.37081464,102.956205,
294804444,-1.044998129,83.98167443,-16.325526,-120.1721913,-18.0926665,107.4811015,
294862222,-0.9567194794,84.05373834,-17.0854586,-133.5758843,-16.30391694,102.748611,
294920000,-0.874728274,83.95098296,-17.91648583,-146.6799396,-15.62581546,95.58363727,
294977777,-0.8038732641,83.74054284,-18.78318184,-159.6170792,-15.82620043,88.1967107,
295035555,-0.7479562034,83.47428868,-19.66857862,-172.4814635,-16.87249938,81.93291532,
295093333,-0.6964390566,83.15082289,-20.53963838,174.521503,-18.9265555,78.49347269,
295151111,-0.6586343991,82.81745033,-21.37145934,161.2904273,-22.4848527,83.39814179,
295208888,-0.6261081697,82.48495536,-22.1556907,147.65695,-26.6315084,120.1291585,
295266666,-0.5997764014,82.15564023,-22.87461439,133.4690652,-22.54575212,168.4332496,
295324444,-0.5750842116,81.8285456,-23.54055144,118.6765576,-17.24944122,177.1868749,
295382222,-0.5562090357,81.50103722,-24.18657741,103.2641761,-13.60820849,173.7049644,
295440000,-0.5373292988,81.22380952,-24.8194431,87.57927792,-11.08390557,166.4691933,
295497777,-0.5190123294,80.88577844,-25.44491457,72.00354082,-9.325086435,158.0602223,
295555555,-0.5031314463,80.56965463,-26.0732187,56.9714827,-8.120598646,149.7441482,
295613333,-0.4829189246,80.24104417,-26.65867248,42.71407932,-7.298884002,142.1595264,
295671111,-0.4713017507,79.88528489,-27.21519572,29.06392026,-6.731153684,135.5637947,
295728888,-0.4595548957,79.547441,-27.71364743,15.98695183,-6.314090731,129.9923665,
295786666,-0.452915036,79.17055546,-28.22575239,3.397948912,-5.968214555,125.2930109,
295844444,-0.4495964025,78.80332333,-28.75673156,-9.165935666,-5.64297241,121.2134427,
295902222,-0.4492511333,78.43153061,-29.41255534,-21.48587478,-5.304226442,117.5141574,
295960000,-0.4539008195,78.08393553,-30.20422293,-33.77792749,-4.949670451,113.8318317,
296017777,-0.4618547701,77.73606299,-31.2219364,-45.63880869,-4.595792018,110.0183945,
296075555,-0.4682396161,77.42224245,-32.50847698,-57.25823964,-4.27147703,105.9646272,
296133333,-0.4758365207,77.12838172,-34.13451169,-68.70994517,-3.999314776,101.6706449,
296191111,-0.4808698887,76.82910049,-36.16780989,-79.31156475,-3.800486396,97.2929684,
296248888,-0.4867761548,76.55996413,-38.88531168,-89.85847765,-3.673980588,92.96447111,
296306666,-0.4927305151,76.27100727,-42.88210549,-101.3753897,-3.621305927,88.8191875,
296364444,-0.4978673876,75.97650143,-50.46231648,-117.2294687,-3.633519014,84.96477877,
296422222,-0.5041591058,75.70054345,-55.08995883,78.83407576,-3.696020789,81.51503731,
296480000,-0.5090080751,75.40176882,-44.39795613,56.57342929,-3.788132189,78.57829021,
296537777,-0.5165884389,75.13649592,-39.81901542,43.94595485,-3.879261151,76.19882475,
296595555,-0.5199257658,74.88161311,-36.86635718,32.13129832,-3.934377702,74.3057321,
296653333,-0.525347337,74.63194466,-34.94581469,20.26659738,-3.922396436,72.69420572,
296711111,-0.5266065723,74.34931547,-33.58123881,8.977000883,-3.840803491,71.05671691,
296768888,-0.5248230974,74.04279194,-32.59654741,-1.83972548,-3.710058164,69.14400255,
296826666,-0.5254484796,73.70057542,-31.82363662,-12.38963536,-3.567702869,66.89579822,
296884444,-0.5319518432,73.35404113,-31.14097707,-23.00847838,-3.443389786,64.27737161,
296942222,-0.5427218429,73.00085746,-30.50251355,-35.09420551,-3.374489227,61.38115146,
297000000,-0.5640448732,72.68048315,-30.09617735,-49.73823842,-3.399122267,58.5043961,
297057777,-0.5789788277,72.44788097,-30.23570832,-66.27590343,-3.492985915,56.22829204,
297115555,-0.5826878594,72.22604126,-31.01018117,-82.51915511,-3.557540991,54.63053412,
297173333,-0.5765511578,71.97101877,-32.14648649,-96.91649984,-3.544976761,53.29052465,
297231111,-0.5655378631,71.63010865,-33.35786871,-109.9375048,-3.480966358,51.84230933,
297288888,-0.5588141882,71.23864131,-34.58548072,-122.7827272,-3.390196191,50.24408869,
297346666,-0.554888283,70.82903048,-35.75335983,-136.0611082,-3.286399812,48.53468418,
297404444,-0.5518368209,70.3522676,-36.81848688,-150.446142,-3.179321151,46.71962111,
297462222,-0.5536962007,69.87701219,-37.69207459,-165.9696562,-3.067174256,44.7823693,
297520000,-0.5566874601,69.35839192,-38.24747557,177.7564159,-2.954582466,42.75534024,
297577777,-0.5623584848,68.84423726,-38.39059638,161.3230166,-2.84675257,40.6446839,
297635555,-0.5769364899,68.23793178,-38.12309802,146.4852841,-2.745190621,38.43255094,
297693333,-0.591826273,67.62516327,-37.5073788,133.5150146,-2.651567362,36.18496249,
297751111,-0.611837594,66.95230608,-36.68153638,122.9451099,-2.565964989,33.85944811,
297808888,-0.636881888,66.24420782,-35.65701608,114.3047723,-2.493067957,31.49964662,
297866666,-0.6689859203,65.4768728,-34.46957326,107.3902765,-2.429148004,29.10420573,
297924444,-0.7148220667,64.63435713,-33.19962695,101.277828,-2.378179789,26.66898239,
297982222,-0.7722967616,63.71125624,-31.76517572,95.72184859,-2.340369284,24.21897646,
298040000,-0.855684052,62.71326351,-30.2044923,90.18806291,-2.319314632,21.73604874,
298097777,-0.9721210083,61.66775103,-28.53072334,83.3172459,-2.317830631,19.28148609,
298155555,-1.137245391,60.6616058,-26.83907907,74.76302998,-2.341342334,16.87713641,
298213333,-1.356237109,59.92283948,-25.29582272,63.94766053,-2.39580614,14.61028269,
298271111,-1.593258795,59.70865198,-24.09172778,51.21082243,-2.454163344,12.64726072,
298328888,-1.78796233,60.06002939,-23.37103419,37.67829578,-2.490847272,10.99328856,
298386666,-1.894978262,60.58904949,-23.12651742,25.00156656,-2.488363463,9.423991136,
298444444,-1.934621473,60.84316596,-23.19497473,14.06797557,-2.452121919,7.774139446,
298502222,-1.95304398,60.70438378,-23.43304785,4.927061412,-2.400376396,5.963151657,
298560000,-1.975721408,60.19573853,-23.75543442,-2.669451595,-2.346125641,4.069674119,
298617777,-2.030117078,59.31355558,-24.12533116,-9.064407449,-2.295215571,2.058509144,
298675555,-2.126463117,58.15560891,-24.52907687,-14.37017568,-2.247966634,0.01906137393,
298733333,-2.288600363,56.67538925,-24.99031544,-18.61620772,-2.208559799,-2.070156828,
298791111,-2.541069775,54.92649475,-25.52271322,-21.63650838,-2.17146117,-4.204026798,
298848888,-2.931755286,52.92075411,-26.14086804,-22.78948644,-2.140294023,-6.352712951,
298906666,-3.541039209,50.94051094,-26.71314392,-20.9917635,-2.111022524,-8.556077004,
298964444,-4.474196809,49.80175419,-26.93859135,-15.51806157,-2.087036123,-10.75773307,
299022222,-5.796846324,51.4613279,-26.29729976,-8.300775466,-2.073165655,-13.01913525,
299080000,-7.18665352,59.58130525,-24.75794434,-4.57426197,-2.068086797,-15.28675131,
299137777,-7.537946654,74.27125413,-23.03637731,-6.857309225,-2.076316165,-17.54843372,
299195555,-6.42561103,86.14533465,-21.67042344,-13.09784719,-2.093638336,-19.74102698,
299253333,-4.97150809,90.79301552,-20.74963916,-20.85202866,-2.114610978,-21.93595258,
299311111,-3.813309993,91.12989651,-20.15444259,-28.48869615,-2.139787075,-24.08335084,
299368888,-2.997250385,89.73752585,-19.75113584,-35.62452439,-2.164133537,-26.17346769,
299426666,-2.430200967,87.80618575,-19.46785513,-42.24323784,-2.191314765,-28.26636584,
299484444,-2.029154256,85.78968908,-19.25344264,-48.49247571,-2.223932335,-30.30466537,
299542222,-1.742888955,83.81993759,-19.09706787,-54.46033951,-2.250859484,-32.29616983,
299600000,-1.542547733,81.97794799,-19.00440763,-60.15199809,-2.272626209,-34.25656692,
299657777,-1.399938362,80.30039631,-18.96340567,-65.47184296,-2.287198902,-36.1927384,
299715555,-1.303564225,78.74410054,-18.97006434,-70.35526627,-2.29533481,-38.15887589,
299773333,-1.234671174,77.37798076,-18.9924506,-74.76890433,-2.291683573,-40.16876627,
299831111,-1.186089037,76.11072154,-19.01256004,-78.69875112,-2.282585529,-42.23340671,
299888888,-1.154145339,74.9689333,-19.01442216,-82.20664851,-2.275679436,-44.3688732,
299946666,-1.129120882,73.90354165,-18.9893801,-85.42099029,-2.270219228,-46.59107087,
300004444,-1.112058352,72.86800104,-18.92720973,-88.38039662,-2.271073933,-48.86480529,
300062222,-1.103052384,71.90136032,-18.82342796,-91.19364161,-2.275774138,-51.19055639,
300120000,-1.097448931,70.95952221,-18.68166272,-93.87864712,-2.284509134,-53.5945653,
300177777,-1.096677316,70.00444255,-18.49748329,-96.51734824,-2.301541274,-55.99710322,
300235555,-1.101468495,69.04836256,-18.28064361,-99.18044149,-2.323035343,-58.50605676,
300293333,-1.114050016,68.09214844,-18.02943388,-101.8109055,-2.352391955,-61.03062471,
300351111,-1.133267657,67.09019324,-17.73133688,-104.5208246,-2.389341602,-63.64414269,
300408888,-1.156183395,66.08711256,-17.4017567,-107.2825289,-2.431278164,-66.31135914,
300466666,-1.189970909,65.0300065,-17.03941592,-110.1507432,-2.486583198,-69.04818517,
300524444,-1.233165387,63.93516396,-16.64255902,-113.1113741,-2.55179425,-71.88171623,
300582222,-1.287130509,62.76977943,-16.20360096,-116.2057185,-2.627224014,-74.78851784,
300640000,-1.355163414,61.58434105,-15.73601664,-119.4957774,-2.720761073,-77.80330134,
300697777,-1.439108274,60.31650136,-15.22923537,-123.0107813,-2.832758608,-80.92146144,
300755555,-1.543195648,58.97204281,-14.68661197,-126.7589572,-2.968530847,-84.15458352,
300813333,-1.674603477,57.54176656,-14.11000783,-130.7729282,-3.131479382,-87.52057421,
300871111,-1.835005064,56.04549255,-13.50835081,-135.1829756,-3.329487793,-91.0168537,
300928888,-2.035446715,54.47065328,-12.87779329,-139.9527201,-3.573111059,-94.64609752,
300986666,-2.28150791,52.8688671,-12.22538075,-145.1394786,-3.869097921,-98.41498064,
301044444,-2.584789872,51.29062325,-11.56517325,-150.8042292,-4.234459526,-102.2491076,
301102222,-2.957618965,49.7690613,-10.89412962,-156.9593108,-4.685165805,-106.1436451,
301160000,-3.402425438,48.4477906,-10.23305787,-163.6056299,-5.23888359,-109.95758,
301217777,-3.934582694,47.36127721,-9.574942837,-170.7087775,-5.922704076,-113.6076999,
301275555,-4.576790538,46.65889877,-8.915548563,-178.3796881,-6.773959386,-116.839233,
301333333,-5.373883888,46.73127035,-8.270313636,173.1585302,-7.83272041,-119.1003836,
301391111,-6.319321373,48.53195389,-7.683348068,163.7673674,-9.077930862,-119.2869402,
301448888,-7.264533744,53.12489788,-7.220899304,153.6147657,-10.34140153,-116.3177191,
301506666,-7.921871246,60.50808137,-6.897764808,143.0846703,-11.30297595,-110.0858335,
301564444,-8.062217314,69.12641879,-6.70665301,132.4365451,-11.66717928,-102.3006383,
301622222,-7.7017048,76.75637482,-6.6232957,121.780582,-11.4336253,-95.85103425,
301680000,-7.072216462,82.09872264,-6.634054285,111.2225505,-10.91085458,-92.47701447,
301737777,-6.396200776,85.22546215,-6.720884328,100.7342965,-10.4217028,-92.07426585,
301795555,-5.808282568,86.80846201,-6.874142361,90.30041765,-10.16631549,-93.67475883,
301853333,-5.355542274,87.54466378,-7.088188315,79.76938146,-10.25396789,-96.12207865,
301911111,-5.024025286,88.12102859,-7.378536671,68.9883445,-10.74522344,-98.0057731,
301968888,-4.761839293,88.94120559,-7.785111033,57.85716937,-11.61549715,-97.2196247,
302026666,-4.491020157,90.29448275,-8.375087342,46.47328362,-12.52693658,-91.04660362,
302084444,-4.124833723,91.79772922,-9.224952415,35.1717415,-12.56418918,-79.51619253,
302142222,-3.641191503,92.84361055,-10.38156064,24.80753567,-11.27004258,-70.37002796,
302200000,-3.115371269,92.9219291,-11.79641395,16.52519121,-9.556375184,-68.61856454,
302257777,-2.633641687,92.01823378,-13.325268,11.10106662,-8.164035881,-72.1112345,
302315555,-2.251481586,90.46382936,-14.765556,8.783148196,-7.236580182,-77.99241504,
302373333,-1.968587858,88.67163142,-15.91936957,8.968687191,-6.701426415,-84.62928521,
302431111,-1.768829205,86.80533009,-16.66756662,10.39429786,-6.465027319,-91.3752374,
302488888,-1.635085209,85.01814447,-17.02635754,11.78396514,-6.468971465,-97.9509026,
302546666,-1.549932273,83.35184001,-17.08808035,12.28815749,-6.669621549,-104.2663324,
302604444,-1.502050703,81.80880446,-16.98290487,11.54385589,-7.057995178,-110.3300021,
302662222,-1.483266056,80.36719027,-16.78290459,9.624875424,-7.637342215,-116.0598092,
302720000,-1.489696403,79.05379813,-16.55901194,6.644203783,-8.429390374,-121.4165884,
302777777,-1.516968394,77.82654088,-16.33575907,2.816315833,-9.478741562,-126.1660417,
302835555,-1.565946753,76.71098164,-16.14729939,-1.723218691,-10.8541144,-129.9432123,
302893333,-1.636307236,75.69159658,-16.00706278,-6.790153288,-12.65775452,-131.8846384,
302951111,-1.732501544,74.83831192,-15.92679857,-12.27117191,-15.02112981,-130.0983028,
303008888,-1.848307304,74.16872716,-15.91941345,-18.0126662,-17.93320065,-119.7144793,
303066666,-1.977736369,73.75358085,-15.99365321,-23.77366924,-20.07547155,-92.99677721,
303124444,-2.106463063,73.70752257,-16.14933724,-29.25102687,-18.64041527,-62.04391188,
303182222,-2.195253476,74.03306746,-16.35190592,-34.08139268,-15.53432943,-47.37053538,
303240000,-2.213068958,74.5200369,-16.51201975,-37.99044382,-12.79942855,-43.38298246,
303297777,-2.149947219,74.71202677,-16.51124531,-41.17844184,-10.62481248,-44.08634321,
303355555,-2.067954267,74.27415762,-16.25776731,-44.50502057,-8.888502723,-47.09501433,
303413333,-2.040737039,73.13130496,-15.78378897,-49.11672073,-7.488439948,-51.38910773,
303471111,-2.145092602,71.60090213,-15.20388214,-55.72552524,-6.358330118,-56.51836631,
303528888,-2.420762087,70.234401,-14.65888219,-64.56830305,-5.467832787,-62.17347026,
303586666,-2.858365226,69.92563655,-14.29557416,-75.60608295,-4.807253589,-68.11783807,
303644444,-3.330192494,71.52698309,-14.25821075,-88.26630592,-4.372262241,-73.99896169,
303702222,-3.608636883,75.03862141,-14.63433059,-101.4806659,-4.129528653,-79.32220673,
303760000,-3.536067476,78.97769959,-15.40101458,-114.0244136,-4.006847448,-83.80977637,
303817777,-3.214472025,81.90144353,-16.44943913,-125.1072542,-3.92580177,-87.50087416,
303875555,-2.819886035,83.38530761,-17.64349315,-134.4770874,-3.838850462,-90.64664422,
303933333,-2.454795379,83.79195093,-18.89014873,-142.3104682,-3.734983257,-93.49985037,
303991111,-2.15471994,83.60986775,-20.13178225,-148.9908395,-3.619660984,-96.22969877,
304048888,-1.919880682,83.08968312,-21.33676764,-154.7468516,-3.501500958,-98.91212963,
304106666,-1.735719249,82.43458873,-22.49880161,-159.9000101,-3.387734999,-101.5970072,
304164444,-1.59339909,81.74140033,-23.6239309,-164.6522477,-3.280381602,-104.2485293,
304222222,-1.488046604,81.00783732,-24.71683072,-169.2603043,-3.184793669,-106.9113014,
304280000,-1.406248383,80.31933266,-25.79569076,-173.7815265,-3.098174142,-109.5337604,
304337777,-1.344468922,79.67792352,-26.88357098,-178.4548477,-3.02302475,-112.1607314,
304395555,-1.299428035,79.08828328,-28.00390819,176.6856344,-2.959683907,-114.7555628,
304453333,-1.264860257,78.56621101,-29.16825767,171.3668691,-2.905000705,-117.3424509,
304511111,-1.23831257,78.12402047,-30.44715728,165.5049098,-2.860701654,-119.9132846,
304568888,-1.217269881,77.76555057,-31.87871223,159.1396039,-2.82766852,-122.4654857,
304626666,-1.193109126,77.50825064,-33.52029027,151.8903338,-2.802668952,-125.0140474,
304684444,-1.160132712,77.2999739,-35.46795435,143.7047222,-2.788387033,-127.557789,
304742222,-1.117646669,77.10274781,-37.81322377,133.8526744,-2.78598993,-130.0675387,
304800000,-1.06468518,76.91344434,-40.59844327,121.0171363,-2.793672997,-132.5782151,
304857777,-1.001555895,76.64244263,-43.93645643,101.4569975,-2.812969255,-135.0676783,
304915555,-0.9352807518,76.32136616,-46.69654758,68.49624324,-2.842473316,-137.5458544,
304973333,-0.8716067825,75.90920942,-46.60630063,29.12137512,-2.883806229,-140.0062381,
305031111,-0.8155115196,75.43192663,-44.19259479,3.342820566,-2.936499313,-142.4517417,
305088888,-0.7656013441,74.89205817,-41.62391902,-10.46653757,-3.002938218,-144.8831094,
305146666,-0.7254409738,74.33288171,-39.47134695,-18.69908989,-3.082326724,-147.2868416,
305204444,-0.6925803413,73.74017657,-37.60225975,-24.55847313,-3.178426026,-149.692403,
305262222,-0.667535022,73.17486699,-35.90657093,-29.2690328,-3.292657284,-152.05987,
305320000,-0.6493628612,72.57434218,-34.37094647,-33.92151554,-3.427445421,-154.3529452,
305377777,-0.6361590483,72.00430848,-32.90618228,-38.55304069,-3.587348882,-156.5496507,
305435555,-0.6289923383,71.40985609,-31.57536097,-43.4297009,-3.770286656,-158.5988995,
305493333,-0.6273857945,70.84230027,-30.32208668,-48.71870132,-3.974607235,-160.4497195,
305551111,-0.6293075609,70.28231702,-29.15946138,-54.45141547,-4.189223008,-162.0250057,
305608888,-0.6366400009,69.6971939,-28.08622056,-60.73752128,-4.40511737,-163.2463825,
305666666,-0.6478180215,69.11589546,-27.10300769,-67.50037805,-4.595880828,-164.1482934,
305724444,-0.661731673,68.53317246,-26.22327303,-74.6807832,-4.73869558,-164.7508007,
305782222,-0.6821092778,67.94500688,-25.44254306,-82.2076739,-4.814381161,-165.2357311,
305840000,-0.7050564079,67.31137834,-24.74717849,-90.02700398,-4.817645387,-165.8452639,
305897777,-0.7398184909,66.67801341,-24.10700127,-98.01024347,-4.763740137,-166.7821407,
305955555,-0.7846925738,65.96694544,-23.49383893,-106.2000733,-4.677326443,-168.2134532,
306013333,-0.8501634431,65.197738,-22.86398774,-114.6959102,-4.590025943,-170.2288893,
306071111,-0.9478310774,64.40372663,-22.17655619,-124.0269027,-4.532304788,-172.8125238,
306128888,-1.098732644,63.68602474,-21.39741192,-134.7983588,-4.536427027,-176.0439539,
306186666,-1.320041563,63.19791338,-20.55719413,-148.1727053,-4.649261012,-179.9603733,
306244444,-1.601829759,63.53511402,-19.79802805,-165.3486786,-4.964465245,175.5231569,
306302222,-1.823093676,65.26172304,-19.43413105,173.0768029,-5.624090462,171.121849,
306360000,-1.781831901,67.69157536,-19.82513873,148.624702,-6.653837406,168.8118173,
306417777,-1.51216283,69.10447085,-20.92988399,124.2194196,-7.760107497,170.2344062,
306475555,-1.228764077,69.06890496,-22.36464701,101.2938642,-8.575358418,174.925727,
306533333,-1.033242738,68.18709016,-23.73829369,79.46571653,-8.924201214,-178.9340596,
306591111,-0.9204172399,67.04442032,-24.76096503,58.39529733,-8.813369267,-172.9598688,
306648888,-0.8752004853,65.73605652,-25.29052741,37.99354498,-8.344903272,-168.3241281,
306706666,-0.8803251728,64.4033231,-25.29292053,19.29634447,-7.668380785,-165.608848,
306764444,-0.9331252968,63.00828709,-24.78767414,2.915082538,-6.918335922,-164.9404155,
306822222,-1.040561457,61.55037478,-23.87184741,-11.0032758,-6.209889455,-166.0895736,
306880000,-1.22967458,60.02273992,-22.55019332,-23.17841488,-5.63006099,-168.7997096,
306937777,-1.533421099,58.66293441,-20.84717322,-35.0840104,-5.270962145,-172.5120884,
306995555,-1.995505488,57.93625572,-18.92425922,-48.91521342,-5.186818099,-176.2123431,
307053333,-2.580459332,59.00926341,-17.12630737,-65.77301557,-5.272346687,-178.5786562,
307111111,-3.016473581,62.85821167,-15.81676294,-84.9191406,-5.26819555,-179.4729483,
307168888,-2.938361203,67.88353471,-15.14856924,-104.2668175,-5.039803054,179.531452,
307226666,-2.459259997,70.88968551,-14.99490048,-121.7701199,-4.738199618,177.1650212,
307284444,-1.979272096,71.37733531,-15.08442072,-136.8516265,-4.553589697,173.6107979,
307342222,-1.667383388,70.56346355,-15.21331363,-150.180204,-4.545995256,169.6258184,
307400000,-1.515602449,69.44265703,-15.34143019,-162.8399347,-4.729057164,165.8358981,
307457777,-1.472891675,68.52187582,-15.52913607,-175.3432199,-5.058516576,162.8456425,
307515555,-1.479178446,67.94836463,-15.85425956,172.3106225,-5.457900476,161.0974183,
307573333,-1.484533123,67.754625,-16.34332381,160.6130366,-5.805932351,160.5657768,
307631111,-1.468424534,67.63455134,-16.95548658,149.8931762,-6.026782877,160.6971708,
307688888,-1.441515632,67.52623297,-17.61378356,140.3662697,-6.125784269,160.8001811,
307746666,-1.416761186,67.35270225,-18.23983266,131.7908259,-6.173860973,160.6164692,
307804444,-1.401623084,67.12010054,-18.78091899,123.7731644,-6.222515913,160.2713473,
307862222,-1.409588983,66.9888374,-19.22823825,115.8155032,-6.297844303,160.2126612,
307920000,-1.421998423,67.07885937,-19.59609685,107.3844964,-6.3452103,160.8703485,
307977777,-1.410634704,67.3973359,-19.94823898,97.87392151,-6.219442129,162.2963499,
308035555,-1.343225441,67.80748062,-20.44528788,86.90550221,-5.80587495,163.3943515,
308093333,-1.222116703,68.03768417,-21.26478351,75.19495916,-5.187235444,162.6268415,
308151111,-1.080821681,67.88694878,-22.47469832,64.33488347,-4.61334555,159.6916791,
308208888,-0.9530181775,67.39998956,-23.91966481,55.74581768,-4.221044673,155.4454885,
308266666,-0.851902883,66.68175024,-25.42241847,49.70180158,-4.013649909,150.7353797,
308324444,-0.7849924433,65.85664798,-26.78163414,46.1330574,-3.948885694,145.9463868,
308382222,-0.7410710614,64.96265844,-27.88448846,44.16919666,-3.990707254,141.1806543,
308440000,-0.7189340947,64.0836874,-28.68996308,43.02487458,-4.119160338,136.3979084,
308497777,-0.7145418854,63.21632622,-29.23243037,42.39068672,-4.331364016,131.5679671,
308555555,-0.7214205837,62.341034,-29.46415802,42.11657411,-4.632206735,126.6330778,
308613333,-0.7394025564,61.47567295,-29.30839697,41.8400053,-5.044910183,121.5271461,
308671111,-0.7643727244,60.59448963,-28.76451843,40.09218779,-5.607691532,116.1977281,
308728888,-0.7984987006,59.66639691,-27.9600578,36.65058252,-6.37830358,110.6594682,
308786666,-0.8441872952,58.61271003,-27.07232075,31.26935721,-7.449920188,105.1399492,
308844444,-0.9093633326,57.40393019,-26.13837497,24.95921278,-8.974384579,100.1137416,
308902222,-1.012300125,55.95378072,-25.1064571,18.44706901,-11.20303299,97.19153335,
308960000,-1.189437099,54.21355475,-23.80070294,11.82188716,-14.42543292,101.3703192,
309017777,-1.508137328,52.23383406,-22.07738971,3.822178725,-17.5621464,125.7189428,
309075555,-2.074073493,50.53545692,-19.96677355,-8.128921101,-16.16829383,158.0914894,
309133333,-2.951180216,51.07013444,-17.90327761,-26.22339223,-13.25247139,168.0216277,
309191111,-3.683997684,56.4886908,-16.60482594,-49.51399805,-11.34747621,169.1157891,
309248888,-3.578964595,63.42445915,-16.37790343,-73.08376377,-9.910886383,168.597319,
309306666,-3.070240706,67.22550178,-16.8150449,-93.61670773,-8.678077185,165.926897,
309364444,-2.589942334,68.8927324,-17.5503081,-111.3871787,-7.779485557,161.2741462,
309422222,-2.148473326,69.56933992,-18.51728249,-126.9585494,-7.278681313,155.7459238,
309480000,-1.752287046,69.2715372,-19.67985458,-140.3043039,-7.167154096,150.3653561,
309537777,-1.447130682,68.27078907,-20.97073747,-151.4750774,-7.40308088,146.0068128,
309595555,-1.23721742,66.93382393,-22.40163622,-161.2324356,-7.931253503,143.5760679,
309653333,-1.104381954,65.51607807,-24.22475417,-169.4546536,-8.618828475,144.3442628,
309711111,-1.033469343,63.99441075,-26.86222011,-173.1813194,-9.11859473,149.4090974,
309768888,-1.022941607,62.39810815,-30.16661226,-160.777526,-8.86116466,157.2278337,
309826666,-1.09836324,60.73748825,-29.49766066,-129.1653005,-7.742365017,162.7192542,
309884444,-1.285799034,59.37060239,-25.63291813,-122.0757386,-6.377015349,163.0923427,
309942222,-1.550515576,58.90190123,-22.96061565,-130.5750194,-5.256792639,159.8307684,
310000000,-1.71460873,59.61391963,-21.47840599,-142.6902027,-4.455265933,155.1307618,
