,can freq,num bins,idx,idx absolute,delta
0,59.98979902170172,1,279335,1677436,
1,60.68180901353922,1,298685,1696786,19350.0
2,62.49902367582547,1,349498,1747599,50813.0
3,66.67225519869378,1,466190,1864291,116692.0
4,69.10977545831446,1,534348,1932449,68158.0
5,72.00001688003701,1,615165,2013266,80817.0
6,77.20082065590103,2,760590,2158691,145425.0
7,77.44508051348501,1,767420,2165521,6830.0
8,93.56612382565726,1,1218197,2616298,450777.0
9,94.35995048141007,2,1240394,2638495,22197.0
10,94.4210333272012,1,1242102,2640203,1708.0
11,95.03168297116117,1,1259177,2657278,17075.0
12,95.09273005416203,2,1260884,2658985,1707.0
13,95.15381289995317,1,1262592,2660693,1708.0
14,95.18435432284873,1,1263446,2661547,854.0
15,95.21485998295402,2,1264299,2662400,853.0
16,95.24540140584959,1,1265153,2663254,854.0
17,95.30648425164073,1,1266861,2664962,1708.0
18,95.33698991174602,2,1267714,2665815,853.0
19,95.52020268632914,1,1272837,2670938,5123.0
20,95.64233261512113,1,1276252,2674353,3415.0
21,95.76442678112286,3,1279666,2677767,3414.0
22,95.825509626914,1,1281374,2679475,1708.0
23,95.85605104980957,1,1282228,2680329,854.0
24,95.88655670991486,2,1283081,2681182,853.0
25,96.0000320434601,1,1286254,2684355,3173.0
26,96.00872240149712,1,1286497,2684598,243.0
27,96.10031090739355,1,1289058,2687159,2561.0
28,96.13085233028912,1,1289912,2688013,854.0
29,96.25298225908111,1,1293327,2691428,3415.0
30,96.31402934208197,2,1295034,2693135,1707.0
31,96.37507642508282,2,1296741,2694842,1707.0
32,96.43615927087396,1,1298449,2696550,1708.0
33,96.49720635387482,2,1300156,2698257,1707.0
34,96.55828919966595,1,1301864,2699965,1708.0
35,96.68041912845794,1,1305279,2703380,3415.0
36,96.71096055135351,1,1306133,2704234,854.0
37,97.04680891483392,1,1315524,2713625,9391.0
38,97.10789176062505,1,1317232,2715333,1708.0
39,97.840671333377,1,1337722,2735823,20490.0
40,98.39023813154584,1,1353089,2751190,15367.0
41,100.00002861023222,1,1398102,2796203,45013.0
42,101.8709232207225,1,1450416,2848517,52314.0
43,101.93200606651364,1,1452124,2850225,1708.0
44,102.1151830783065,1,1457246,2855347,5122.0
45,102.4997403621426,11,1467999,2866100,10753.0
46,105.29045393852749,1,1546033,2944134,78034.0
47,105.6903892221822,1,1557216,2955317,11183.0
48,106.75608460961195,1,1587015,2985116,29799.0
49,107.30565140778077,1,1602382,3000483,15367.0
50,111.51911606970941,1,1720199,3118300,117817.0
51,111.6412459985014,1,1723614,3121715,3415.0
52,112.25189564246136,1,1740689,3138790,17075.0
53,120.00004720688317,1,1957343,3355444,216654.0
54,124.99804019909288,2,2097097,3495198,139754.0
55,143.24214155599037,1,2607239,4005340,510142.0
56,143.97542180780619,9,2627743,4025844,20504.0
57,144.00696458882948,1,2628625,4026726,882.0
58,145.449528260186,6,2668962,4067063,40337.0
59,149.99905586233672,12,2796176,4194277,127214.0
60,151.48585810526447,1,2837750,4235851,41574.0
61,151.60798803405646,1,2841165,4239266,3415.0
62,152.1575548322253,1,2856532,4254633,15367.0
63,153.2872656142488,1,2888121,4286222,31589.0
64,153.31780703714438,2,2888975,4287076,854.0
65,153.4410813752252,1,2892422,4290523,3447.0
66,153.50098404893723,1,2894097,4292198,1675.0
67,153.56203113193808,3,2895804,4293905,1707.0
68,153.62311397772922,1,2897512,4295613,1708.0
69,153.68416106073008,3,2899219,4297320,1707.0
70,153.8673738353132,1,2904342,4302443,5123.0
71,154.11163369289721,1,2911172,4309273,6830.0
72,154.23372785889893,4,2914586,4312687,3414.0
73,154.3558935504812,1,2918002,4316103,3416.0
74,154.4780234792732,1,2921417,4319518,3415.0
75,154.6917419139616,1,2927393,4325494,5976.0
76,154.78333041985803,3,2929954,4328055,2561.0
77,154.8138718427536,1,2930808,4328909,854.0
78,154.84441326564917,1,2931662,4329763,854.0
79,154.90546034865002,3,2933369,4331470,1707.0
80,154.96654319444116,1,2935077,4333178,1708.0
81,154.99883699406024,2,2935980,4334081,903.0
82,155.51610999260998,1,2950444,4348545,14464.0
83,155.57715707561084,5,2952151,4350252,1707.0
84,155.6382041586117,4,2953858,4351959,1707.0
85,155.69928700440283,3,2955566,4353667,1708.0
86,155.76036985019397,1,2957274,4355375,1708.0
87,155.82141693319483,2,2958981,4357082,1707.0
88,155.88246401619568,4,2960688,4358789,1707.0
89,155.94354686198682,2,2962396,4360497,1708.0
90,155.97305116396439,25,2963221,4361322,825.0
91,156.03517113067352,1,2964958,4363059,1737.0
92,156.24888956536194,1,2970934,4369035,5976.0
93,156.37098373136365,4,2974348,4372449,3414.0
94,156.43206657715479,3,2976056,4374157,1708.0
95,156.49311366015564,4,2977763,4375864,1707.0
96,156.67632643473877,3,2982886,4380987,5123.0
97,157.04271622111474,3,2993131,4391232,10245.0
98,157.22592899569787,1,2998254,4396355,5123.0
99,157.34805892448986,1,3001669,4399770,3415.0
100,157.59228301928357,3,3008498,4406599,6829.0
101,157.8976257226587,2,3017036,4415137,8538.0
102,158.14188558024267,2,3023866,4421967,6830.0
103,158.20293266324353,3,3025573,4423674,1707.0
104,158.32506259203552,2,3028988,4427089,3415.0
105,158.44712099524696,6,3032401,4430502,3413.0
106,158.6914881412018,1,3039234,4437335,6833.0
107,159.0578421647875,3,3049478,4447579,10244.0
108,159.11888924778836,3,3051185,4449286,1707.0
109,159.57686754006076,2,3063991,4462092,12806.0
110,159.60740896295633,2,3064845,4462946,854.0
111,159.6379503858519,1,3065699,4463800,854.0
112,159.66849180874746,2,3066553,4464654,854.0
113,159.72953889174832,1,3068260,4466361,1707.0
114,159.9737987493323,2,3075090,4473191,6830.0
115,159.99879693973512,2,3075789,4473890,699.0
116,160.03488159512344,1,3076798,4474899,1009.0
117,160.2180943697066,1,3081921,4480022,5123.0
118,160.23901560201796,4,3082506,4480607,585.0
119,160.24860002981188,2,3082774,4480875,268.0
120,160.27914145270745,1,3083628,4481729,854.0
121,160.34011701012776,4,3085333,4483434,1705.0
122,160.49285988739587,2,3089604,4487705,4271.0
123,160.52340131029143,1,3090458,4488559,854.0
124,160.70657832208428,2,3095580,4493681,5122.0
125,160.7981668279807,3,3098141,4496242,2561.0
126,160.9202967567727,2,3101556,4499657,3415.0
127,160.95083817966827,2,3102410,4500511,854.0
128,161.01188526266913,4,3104117,4502218,1707.0
129,161.07296810846026,3,3105825,4503926,1708.0
130,161.13397942867084,6,3107531,4505632,1706.0
131,161.16459237714696,1,3108387,4506488,856.0
132,161.19509803725225,3,3109240,4507341,853.0
133,161.31722796604424,2,3112655,4510756,3415.0
134,161.56148782362823,1,3119485,4517586,6830.0
135,161.59199348373352,3,3120338,4518439,853.0
136,161.65307632952465,3,3122046,4520147,1708.0
137,161.7141234125255,2,3123753,4521854,1707.0
138,161.86679476421307,3,3128022,4526123,4269.0
139,162.1721374675882,1,3136560,4534661,8538.0
140,162.35531447938104,3,3141682,4539783,5122.0
141,162.42501615762865,1,3143631,4541732,1949.0
142,162.4774801709633,1,3145098,4543199,1467.0
143,162.53852725396416,3,3146805,4544906,1707.0
144,162.54982829569133,1,3147121,4545222,316.0
145,162.78278711154815,2,3153635,4551736,6514.0
146,163.33238967250725,1,3169003,4567104,15368.0
147,163.8514150477805,2,3183516,4581617,14513.0
148,163.88195647067607,3,3184370,4582471,854.0
149,163.94296779088666,5,3186076,4584177,1706.0
150,164.0040506366778,4,3187784,4585885,1708.0
151,164.24834625705205,2,3194615,4592716,6831.0
152,164.43155903163517,1,3199738,4597839,5123.0
153,164.46206469174047,3,3200591,4598692,853.0
154,164.49260611463603,3,3201445,4599546,854.0
155,164.5536531976369,4,3203152,4601253,1707.0
156,164.67578312642888,4,3206567,4604668,3415.0
157,164.99875688541002,2,3215598,4613699,9031.0
158,165.04220867559516,1,3216813,4614914,1215.0
159,165.10321999580574,4,3218519,4616620,1706.0
160,165.1337971814916,1,3219374,4617475,855.0
161,165.2863970075986,4,3223641,4621742,4267.0
162,165.34747985338973,4,3225349,4623450,1708.0
163,165.469645544972,1,3228765,4626866,3416.0
164,165.591775473764,1,3232180,4630281,3415.0
165,165.74444682545155,1,3236449,4634550,4269.0
166,165.8971181771391,1,3240718,4638819,4269.0
167,166.08029518893196,2,3245840,4643941,5122.0
168,166.35506070662123,2,3253523,4651624,7683.0
169,166.4161435524124,2,3255231,4653332,1708.0
170,166.53827348120439,1,3258646,4656747,3415.0
171,166.56877914130968,3,3259499,4657600,853.0
172,166.59932056420524,3,3260353,4658454,854.0
173,166.6298619871008,3,3261207,4659308,854.0
174,167.05729885647764,3,3273159,4671260,11952.0
175,167.0878402793732,2,3274013,4672114,854.0
176,167.11838170226878,1,3274867,4672968,854.0
177,167.30155871406163,1,3279989,4678090,5122.0
178,167.36264155985276,1,3281697,4679798,1708.0
179,167.69852568612345,1,3291089,4689190,9392.0
180,167.7595727691243,1,3292796,4690897,1707.0
181,167.79011419201987,2,3293650,4691751,854.0
182,167.91224412081186,2,3297065,4695166,3415.0
183,167.94274978091715,1,3297918,4696019,853.0
184,167.97329120381272,2,3298772,4696873,854.0
185,167.99532108262264,1,3299388,4697489,616.0
186,167.99975566861684,2,3299512,4697613,124.0
187,168.49235234187626,2,3313286,4711387,13774.0
188,168.52285800198155,3,3314139,4712240,853.0
189,168.64498793077354,2,3317554,4715655,3415.0
190,168.76711785956553,3,3320969,4719070,3415.0
191,168.8281649425664,3,3322676,4720777,1707.0
192,169.04191914004508,1,3328653,4726754,5977.0
193,169.3777675035255,2,3338044,4736145,9391.0
194,169.95787572458988,3,3354265,4752366,16221.0
195,169.99850225434324,3,3355401,4753502,1136.0
196,170.0494642304863,3,3356826,4754927,1425.0
197,170.11054707627744,2,3358534,4756635,1708.0
198,170.23267700506943,3,3361949,4760050,3415.0
199,170.263218427965,3,3362803,4760904,854.0
200,170.2937240880703,3,3363656,4761757,853.0
201,170.35609439431136,1,3365400,4763501,1744.0
202,170.50747828554898,1,3369633,4767734,4233.0
203,170.56852536854984,3,3371340,4769441,1707.0
204,170.72248418068733,1,3375645,4773746,4305.0
205,170.78227956602854,1,3377317,4775418,1672.0
206,172.79869297015125,1,3433700,4831801,56383.0
207,174.9986767767598,7,3495216,4893317,61516.0
208,176.00854644856895,1,3523454,4921555,28238.0
209,176.3391376818788,1,3532698,4930799,9244.0
210,176.7971159741512,2,3545504,4943605,12806.0
211,177.46881270111206,1,3564286,4962387,18782.0
212,177.62148405279962,1,3568555,4966656,4269.0
213,178.53744063734442,2,3594167,4992268,25612.0
214,178.56798206023998,3,3595021,4993122,854.0
215,178.59852348313555,2,3595875,4993976,854.0
216,178.81224191782397,1,3601851,4999952,5976.0
217,178.84278334071954,1,3602705,5000806,854.0
218,178.93437184661596,1,3605266,5003367,2561.0
219,178.96491326951153,1,3606120,5004221,854.0
220,179.05650177540795,1,3608681,5006782,2561.0
221,179.08704319830352,1,3609535,5007636,854.0
222,179.1480545185141,5,3611241,5009342,1706.0
223,179.17863170419994,1,3612096,5010197,855.0
224,179.2091731270955,3,3612950,5011051,854.0
225,179.23971454999108,1,3613804,5011905,854.0
226,179.48393864478479,4,3620633,5018734,6829.0
227,179.7587041624741,4,3628316,5026417,7683.0
228,179.96923970882796,2,3634203,5032304,5887.0
229,179.9983148573222,6,3635016,5033117,813.0
230,180.0640468658492,2,3636854,5034955,1838.0
231,180.27772953774735,4,3642829,5040930,5975.0
232,180.3083067234332,3,3643684,5041785,855.0
233,180.36938956922432,2,3645392,5043493,1708.0
234,180.58310800391274,3,3651368,5049469,5976.0
235,180.82736786149673,3,3658198,5056299,6830.0
236,180.88841494449758,4,3659905,5058006,1707.0
237,180.98003921318428,2,3662467,5060568,2562.0
238,181.01058063607985,1,3663321,5061422,854.0
239,181.04108629618514,2,3664174,5062275,853.0
240,181.10216914197628,2,3665882,5063983,1708.0
241,181.22429907076827,2,3669297,5067398,3415.0
242,186.3094817456705,1,3811489,5209590,142192.0
243,189.19321433956284,2,3892124,5290225,80635.0
244,189.77332256062724,3,3908345,5306446,16221.0
245,189.8038639835228,2,3909199,5307300,854.0
246,189.99626779520682,1,3914579,5312680,5380.0
247,190.07866526400235,2,3916883,5314984,2304.0
248,190.1397123470032,1,3918590,5316691,1707.0
249,190.23130085289964,1,3921151,5319252,2561.0
250,190.66020399667778,1,3933144,5331245,11993.0
251,191.57473006961155,1,3958716,5356817,25572.0
252,191.66714111968432,7,3961300,5359401,2584.0
253,191.75794284419467,2,3963839,5361940,2539.0
254,191.96726245567916,10,3969692,5367793,5853.0
255,191.99465675303045,2,3970458,5368559,766.0
256,192.0000569343621,3,3970609,5368710,151.0
257,192.009247971463,5,3970866,5368967,257.0
258,192.30940507024815,8,3979259,5377360,8393.0
259,193.22346622690833,3,4004818,5402919,25559.0
260,193.2554739242052,1,4005713,5403814,895.0
261,193.34706243010163,1,4008274,5406375,2561.0
262,193.9577120740616,1,4025349,5423450,17075.0
263,194.01879491985272,1,4027057,5425158,1708.0
264,194.11038342574915,1,4029618,5427719,2561.0
265,195.00009012223148,1,4054496,5452597,24878.0
266,199.07833567412717,1,4168532,5566633,114036.0
267,199.99851226792453,14,4194262,5592363,25730.0
268,200.00970602128086,1,4194575,5592676,313.0
269,207.99832658751743,1,4417953,5816054,223378.0
270,215.999785995463,4,4641690,6039791,223737.0
271,224.99834775908926,11,4893308,6291409,251618.0
272,225.50439124149239,1,4907458,6305559,14150.0
273,227.49999070167453,1,4963259,6361360,55801.0
274,229.49559016185665,1,5019060,6417161,55801.0
275,239.99980115888607,1,5312779,6710880,293719.0
276,249.99614477120826,2,5592297,6990398,279518.0
277,250.00011444092888,2,5592408,6990509,111.0
278,263.99981632230913,2,5983868,7381969,391460.0
279,287.9998314857322,2,6654957,8053058,671089.0
280,288.0139577878912,2,6655352,8053453,395.0
